-0.22 -0.001
0.43 0.001287878787878788
-0.14 -1.0842021724855044e-19
0.37 0.0018939393939393938
-0.06 0.0010606060606060605
-0.18 0.00033333333333333316
0.33 0.002106060606060606
-0.37 -7.57575757575756e-05
0.46 0.002575757575757576
-0.29 0.0005606060606060608
0.13 0.0015909090909090912
-0.23 0.0003484848484848486
0.46 0.002787878787878788
-0.3 0.0007272727272727274
0.05 0.0014090909090909093
0.18 0.0021515151515151517
-0.04 0.0016969696969696972
0.31 0.003166666666666667
-0.15 0.002015151515151516
0.3 0.0036060606060606066
-0.22 0.002151515151515152
0.25 0.003621212121212122
-0.05 0.003015151515151516
-0.4 0.0012727272727272735
0.27 0.0031060606060606065
-0.4 0.0008787878787878791
0.42 0.0033939393939393945
-0.34 0.0012121212121212123
0.15 0.0024090909090909093
-0.21 0.0012272727272727275
-0.17 0.0007727272727272727
0.46 0.003121212121212121
-0.28 0.0011515151515151514
0.24 0.0026666666666666666
-0.25 0.0011666666666666665
0.29 0.0028636363636363633
-0.18 0.0016060606060606056
0.13 0.0024696969696969694
-0.03 0.0021363636363636363
0.05 0.0024090909090909093
0.1 0.002787878787878788
-0.24 0.0015454545454545454
0.08 0.0022727272727272726
-0.31 0.0007424242424242422
0.25 0.0023484848484848484
-0.03 0.0018333333333333333
-0.16 0.0011515151515151514
0.19 0.0022575757575757573
-0.28 0.0006969696969696966
0.43 0.0030757575757575754
-0.22 0.0014242424242424238
0.04 0.001939393939393939
-0.15 0.0011969696969696964
0.09 0.0018333333333333329
-0.15 0.001015151515151515
-0.12 0.0006969696969696967
0.1 0.001333333333333333
-0.23 0.00013636363636363607
0.24 0.0015757575757575754
-0.05 0.0009848484848484847
0.17 0.0018333333333333335
-0.0 0.0015757575757575758
-0.1 0.0011212121212121212
0.14 0.0019090909090909093
-0.06 0.0014242424242424244
0.3 0.002878787878787879
-0.18 0.001606060606060606
0.1 0.002333333333333333
-0.15 0.0015
0.19 0.0025909090909090908
-0.01 0.0022575757575757573
-0.15 0.0015909090909090907
0.18 0.0026363636363636363
-0.23 0.001318181818181818
0.02 0.0017575757575757575
-0.23 0.0006818181818181817
0.27 0.0022575757575757573
-0.02 0.001757575757575757
-0.18 0.0009696969696969692
0.01 0.0012878787878787873
-0.13 0.0006818181818181812
0.37 0.00256060606060606
-0.4 0.0001818181818181812
0.29 0.0021060606060606052
-0.18 0.0008484848484848476
-0.05 0.0008939393939393932
-0.1 0.0005151515151515145
-0.13 7.575757575757505e-05
0.11 0.0007727272727272719
-0.23 -0.0004393939393939403
0.43 0.0018636363636363629
-0.33 -0.00028787878787878856
0.14 0.000848484848484848
-0.16 -9.090909090909147e-05
-0.17 -0.0006212121212121218
0.16 0.000363636363636363
-0.46 -0.0019696969696969702
0.33 0.00022727272727272678
-0.35 -0.001863636363636364
0.28 -6.06060606060608e-05
-0.25 -0.0016212121212121214
0.17 -0.0004696969696969699
-0.03 -0.0008636363636363638
-0.1 -0.001272727272727273
0.2 -0.00021212121212121232
-0.19 -0.001378787878787879
0.27 0.00013636363636363618
0.04 -9.090909090909111e-05
0.03 -1.5151515151515363e-05
-0.03 -0.00019696969696969717
-0.28 -0.0014242424242424247
0.16 -0.00027272727272727306
-0.21 -0.00146969696969697
0.27 7.575757575757549e-05
-0.24 -0.0014242424242424244
0.27 0.00016666666666666653
-0.09 -0.0006515151515151516
0.04 -0.00033333333333333343
0.11 0.00010606060606060597
-0.22 -0.0010606060606060607
0.08 -0.0003636363636363637
-0.35 -0.002075757575757576
0.2 -0.0006363636363636363
-0.31 -0.0023484848484848484
0.2 -0.0009696969696969698
-0.14 -0.0019090909090909093
0.14 -0.001060606060606061
0.04 -0.0010909090909090914
-0.28 -0.002424242424242425
0.36 -0.0003636363636363644
-0.01 -0.0009545454545454553
0.29 0.000378787878787878
-0.39 -0.0018333333333333342
0.01 -0.0011969696969696979
0.11 -0.0007121212121212132
0.04 -0.0006969696969696981
0.34 0.000787878787878787
-0.15 -0.00040909090909090995
0.03 -4.5454545454546306e-05
-0.25 -0.0012272727272727283
0.15 -0.00016666666666666772
-0.1 -0.0008484848484848495
0.2 0.00021212121212121118
-0.16 -0.0008181818181818191
-0.03 -0.0007121212121212131
-0.02 -0.0007575757575757586
-0.43 -0.0026818181818181828
0.19 -0.0011666666666666674
-0.09 -0.0018636363636363644
0.04 -0.0015454545454545463
-0.12 -0.002151515151515152
0.11 -0.0014696969696969704
0.09 -0.0012272727272727279
-0.18 -0.0021818181818181823
0.5 0.00036363636363636307
-0.39 -0.0021666666666666674
0.27 -0.00034848484848484915
-0.38 -0.0024848484848484856
0.38 -0.00018181818181818273
-0.07 -0.0010757575757575767
-0.14 -0.001606060606060607
0.18 -0.0005757575757575766
-0.5 -0.003121212121212122
0.49 -0.00013636363636363694
-0.38 -0.0026060606060606065
0.37 -0.00034848484848484904
-0.22 -0.0019090909090909093
0.2 -0.000666666666666667
-0.07 -0.0012878787878787881
-0.1 -0.0016363636363636365
0.14 -0.0008484848484848485
-0.14 -0.0016969696969696972
0.12 -0.0009393939393939397
-0.21 -0.002075757575757576
0.29 -0.0004393939393939394
-0.0 -0.0008787878787878789
-0.04 -0.0010606060606060607
0.01 -0.0009545454545454546
-0.09 -0.0013787878787878789
0.17 -0.00046969696969696966
-0.27 -0.0019545454545454545
0.24 -0.00045454545454545465
-0.34 -0.0023636363636363638
0.13 -0.0012575757575757577
0.2 -0.0005454545454545456
-0.28 -0.002121212121212122
0.33 -0.00019696969696969741
-0.32 -0.002151515151515152
0.4 0.00015151515151515097
-0.5 -0.002727272727272728
0.05 -0.0017424242424242428
0.19 -0.000954545454545455
-0.27 -0.0024696969696969702
0.3 -0.0006969696969696974
-0.28 -0.002424242424242425
0.38 -0.00027272727272727366
-0.32 -0.0023030303030303037
0.34 -0.0002727272727272732
-0.06 -0.0010606060606060611
0.05 -0.000742424242424243
0.39 0.0009545454545454541
-0.24 -0.0007272727272727277
0.2 0.000545454545454545
-0.19 -0.0006212121212121216
0.33 0.0011666666666666663
-0.28 -0.0006060606060606067
-0.04 -0.00036363636363636426
-0.03 -0.00043939393939393997
-0.22 -0.0013939393939393944
0.1 -0.0006060606060606065
0.08 -0.0003939393939393944
0.17 0.00025757575757575724
-0.24 -0.0010909090909090912
0.18 9.09090909090906e-05
-0.09 -0.0005909090909090913
-0.15 -0.0011363636363636367
0.28 0.0003636363636363635
-0.41 -0.0019242424242424242
0.24 -0.00021212121212121232
-0.08 -0.0009393939393939397
0.04 -0.0006363636363636367
-0.04 -0.0008787878787878791
-0.18 -0.0016363636363636368
0.21 -0.0004090909090909095
-0.31 -0.0021363636363636368
0.42 0.0002424242424242419
-0.25 -0.0015303030303030307
0.19 -0.00028787878787878834
0.05 -0.00034848484848484893
-0.26 -0.0016060606060606065
0.42 0.0006969696969696963
-0.25 -0.0010757575757575763
0.14 -6.060606060606102e-05
-0.34 -0.0018181818181818188
0.27 -7.575757575757614e-05
-0.08 -0.0008484848484848489
-0.09 -0.0011363636363636367
0.27 0.000227272727272727
-0.41 -0.0020454545454545456
0.27 -0.0001969696969696971
-0.21 -0.0015606060606060605
0.11 -0.0007424242424242423
-0.09 -0.0013181818181818182
-0.01 -0.0012272727272727272
0.25 -7.57575757575757e-05
-0.22 -0.0014545454545454545
0.41 0.0007424242424242425
-0.28 -0.0011515151515151516
0.27 0.0005
-0.05 -0.00013636363636363634
0.14 0.0005757575757575758
0.12 0.0009090909090909091
-0.17 -4.5454545454545574e-05
0.43 0.0021666666666666666
-0.27 0.0002878787878787878
0.3 0.0020606060606060605
-0.18 0.0007878787878787878
0.07 0.0013787878787878786
0.07 0.0015909090909090907
-0.02 0.0013939393939393938
-0.09 0.001015151515151515
-0.25 1.5151515151514902e-05
0.36 0.00203030303030303
-0.28 0.00021212121212121145
0.24 0.0017272727272727266
0.01 0.0014090909090909085
0.06 0.0016666666666666661
-0.11 0.0010757575757575752
-0.45 -0.0008030303030303038
0.2 0.0007878787878787872
-0.13 -0.00010606060606060681
-0.07 -0.00022727272727272806
-0.09 -0.0005303030303030311
-0.09 -0.0008030303030303039
0.19 0.0001969696969696961
-0.31 -0.001500000000000001
0.28 0.0002424242424242418
-0.07 -0.0005000000000000007
0.2 0.0005151515151515145
-0.18 -0.0006060606060606067
-0.2 -0.0012424242424242432
-0.07 -0.0012575757575757583
-0.09 -0.0015606060606060614
0.22 -0.00042424242424242496
-0.37 -0.00243939393939394
0.34 -0.0003333333333333339
-0.08 -0.0012121212121212128
-0.05 -0.001318181818181819
0.01 -0.0011969696969696979
-0.13 -0.001803030303030304
0.3 -0.00024242424242424342
-0.22 -0.001696969696969698
0.03 -0.0012272727272727283
-0.15 -0.0019545454545454558
-0.07 -0.002045454545454547
-0.11 -0.002439393939393941
-0.13 -0.002863636363636365
0.14 -0.0020303030303030316
-0.16 -0.0029696969696969707
0.05 -0.002500000000000001
-0.02 -0.0026666666666666674
0.24 -0.0015454545454545463
0.07 -0.0015909090909090916
-0.18 -0.002515151515151516
0.21 -0.0012878787878787886
-0.05 -0.001833333333333334
0.11 -0.0012575757575757583
-0.02 -0.001515151515151516
0.1 -0.0010303030303030311
0.36 0.0004545454545454538
-0.03 -0.00022727272727272806
0.14 0.0004545454545454539
-0.26 -0.0009393939393939401
0.28 0.0007272727272727268
-0.24 -0.0007878787878787884
0.37 0.001257575757575757
-0.19 -0.00016666666666666728
0.04 0.00030303030303030243
0.11 0.0007424242424242419
-0.09 0.00016666666666666615
0.18 0.0011212121212121208
-0.12 0.0003030303030303026
0.2 0.0013939393939393935
-0.16 0.00036363636363636323
0.02 0.0006969696969696966
0.02 0.0007575757575757571
-0.1 0.00027272727272727225
0.14 0.00106060606060606
-0.21 -0.00010606060606060648
0.33 0.0017121212121212117
-0.24 0.00012121212121212073
-0.08 0.00012121212121212071
-0.0 0.0002424242424242419
-0.29 -0.0010757575757575763
0.25 0.0004999999999999996
-0.27 -0.0011060606060606065
0.24 0.0003939393939393934
-0.25 -0.0011060606060606065
0.2 0.00018181818181818143
0.05 0.00010606060606060564
-0.02 -6.060606060606104e-05
-0.11 -0.0005303030303030307
-0.05 -0.0005909090909090913
0.22 0.0004848484848484845
-0.15 -0.0005303030303030307
-0.25 -0.0014393939393939398
0.06 -0.0007878787878787881
-0.06 -0.0011515151515151519
0.15 -0.00037878787878787917
-0.48 -0.002787878787878788
0.43 -0.00010606060606060627
-0.32 -0.002212121212121212
0.18 -0.000909090909090909
-0.27 -0.002409090909090909
-0.07 -0.002318181818181818
0.2 -0.001303030303030303
-0.26 -0.002787878787878788
0.22 -0.001393939393939394
0.01 -0.001681818181818182
0.19 -0.0008333333333333334
-0.08 -0.001484848484848485
-0.11 -0.0018636363636363635
0.09 -0.0012878787878787877
-0.15 -0.0021060606060606057
0.08 -0.001515151515151515
-0.11 -0.0021363636363636363
-0.05 -0.0021969696969696972
-0.25 -0.003257575757575758
0.04 -0.0026969696969696972
0.07 -0.0024393939393939396
-0.14 -0.003181818181818182
0.27 -0.0017424242424242424
-0.24 -0.003242424242424242
0.36 -0.0012424242424242421
-0.3 -0.003151515151515151
-0.15 -0.003378787878787878
0.18 -0.0023333333333333322
-0.24 -0.003696969696969696
0.03 -0.003196969696969696
-0.5 -0.005515151515151515
0.23 -0.0037121212121212117
-0.33 -0.00556060606060606
-0.05 -0.005287878787878788
0.09 -0.004803030303030303
-0.22 -0.00593939393939394
0.25 -0.004469696969696971
-0.19 -0.0057121212121212135
0.3 -0.004060606060606062
-0.16 -0.005242424242424244
-0.14 -0.005636363636363637
0.16 -0.004696969696969698
-0.12 -0.005484848484848486
0.04 -0.005121212121212122
-0.17 -0.005954545454545455
0.25 -0.004560606060606062
-0.19 -0.005803030303030305
0.11 -0.005015151515151517
-0.23 -0.006227272727272729
0.05 -0.005651515151515153
0.27 -0.004500000000000001
-0.44 -0.00690909090909091
0.33 -0.004742424242424243
-0.12 -0.005787878787878789
-0.28 -0.00687878787878788
-0.07 -0.006772727272727274
-0.17 -0.007439393939393941
0.23 -0.006136363636363639
-0.15 -0.007166666666666669
0.48 -0.004757575757575761
-0.21 -0.006439393939393943
-0.09 -0.006530303030303034
-0.02 -0.006484848484848488
-0.21 -0.007409090909090912
0.22 -0.006090909090909094
-0.25 -0.007560606060606063
0.15 -0.0065000000000000014
-0.32 -0.008181818181818182
0.07 -0.00737878787878788
-0.31 -0.008893939393939395
-0.08 -0.008787878787878789
-0.07 -0.008984848484848486
-0.24 -0.00996969696969697
0.34 -0.008060606060606062
-0.22 -0.009575757575757576
0.31 -0.007833333333333333
-0.3 -0.009666666666666667
0.02 -0.00912121212121212
-0.21 -0.010106060606060605
-0.17 -0.010560606060606059
0.14 -0.009666666666666664
-0.51 -0.012196969696969694
0.23 -0.010378787878787874
-0.41 -0.012590909090909087
0.1 -0.011515151515151511
-0.0 -0.011666666666666662
-0.29 -0.01298484848484848
0.1 -0.012090909090909084
-0.22 -0.013242424242424236
0.24 -0.011818181818181811
-0.04 -0.012363636363636356
0.26 -0.011121212121212115
0.01 -0.011469696969696965
0.09 -0.01107575757575757
0.01 -0.011166666666666662
-0.32 -0.012636363636363631
0.38 -0.01042424242424242
-0.38 -0.012727272727272722
0.21 -0.011196969696969693
0.08 -0.011151515151515148
0.14 -0.010636363636363633
-0.0 -0.010848484848484845
-0.09 -0.011257575757575754
-0.04 -0.0113030303030303
-0.22 -0.012242424242424239
0.34 -0.01036363636363636
0.02 -0.010787878787878784
0.14 -0.010181818181818177
0.11 -0.009893939393939389
-0.29 -0.011378787878787874
0.2 -0.010030303030303025
-0.3 -0.011696969696969692
0.18 -0.01042424242424242
-0.42 -0.012606060606060602
0.3 -0.010606060606060601
-0.18 -0.011878787878787874
-0.36 -0.013242424242424238
0.17 -0.011924242424242419
-0.15 -0.012863636363636358
0.37 -0.010954545454545448
-0.21 -0.012469696969696962
0.06 -0.01187878787878787
-0.08 -0.012333333333333325
0.05 -0.011984848484848477
0.14 -0.011424242424242417
-0.26 -0.012818181818181812
0.2 -0.011515151515151508
-0.3 -0.013181818181818175
0.04 -0.012545454545454538
-0.06 -0.012878787878787872
-0.09 -0.01319696969696969
0.07 -0.012742424242424236
-0.13 -0.013439393939393933
0.24 -0.012151515151515146
-0.15 -0.013196969696969691
0.11 -0.012469696969696964
0.12 -0.012090909090909086
-0.11 -0.012772727272727267
0.16 -0.011878787878787872
-0.41 -0.013984848484848478
0.08 -0.012999999999999994
-0.04 -0.013303030303030297
-0.01 -0.013287878787878783
-0.31 -0.014681818181818176
0.31 -0.012803030303030297
0.16 -0.012545454545454538
-0.25 -0.013924242424242417
0.33 -0.01204545454545454
-0.3 -0.013909090909090904
0.43 -0.011499999999999996
0.04 -0.011969696969696967
0.43 -0.010075757575757573
-0.71 -0.01395454545454545
-1.1 -0.017878787878787876
-0.89 -0.020257575757575755
0.58 -0.016272727272727272
0.6 -0.014424242424242424
-1.51 -0.022196969696969698
-2.69 -0.032136363636363637
-2.12 -0.037696969696969694
-3.07 -0.048439393939393935
-2.31 -0.05428787878787878
-4.42 -0.07087878787878787
-3.8 -0.08145454545454546
-4.83 -0.09765151515151516
-4.51 -0.11083333333333333
-4.76 -0.12563636363636363
-5.13 -0.14174242424242425
-3.93 -0.15183333333333332
-4.82 -0.16778787878787876
-4.55 -0.18116666666666664
-5.12 -0.19754545454545452
-4.17 -0.20874242424242423
-4.8 -0.22424242424242424
-3.55 -0.2331060606060606
-4.82 -0.2496363636363636
-4.92 -0.26469696969696965
-4.72 -0.27869696969696967
-3.34 -0.2867272727272727
-5.77 -0.3078939393939394
-6.47 -0.32856060606060605
-6.49 -0.34825757575757577
-7.16 -0.370969696969697
-8.05 -0.3967121212121213
-7.97 -0.4207424242424243
-8.63 -0.44789393939393946
-8.0 -0.47118181818181826
-9.63 -0.5028333333333334
-10.36 -0.5353333333333333
-8.09 -0.5564090909090909
-8.17 -0.5812878787878787
-9.57 -0.6124090909090908
-10.49 -0.645590909090909
-10.09 -0.675560606060606
-12.23 -0.7158636363636363
-13.96 -0.7607878787878787
-13.11 -0.7992272727272726
-16.38 -0.8538181818181816
-17.4 -0.9080909090909088
-17.02 -0.9590909090909089
-20.31 -1.0256212121212118
-21.15 -1.0909848484848483
-22.54 -1.1613939393939392
-22.28 -1.2285151515151513
-23.5 -1.3015757575757574
-25.14 -1.380242424242424
-24.83 -1.4550151515151515
-29.51 -1.551530303030303
-29.57 -1.6412272727272728
-28.88 -1.7276969696969697
-30.83 -1.8240757575757576
-34.34 -1.9334545454545453
-32.26 -2.028060606060606
-33.26 -2.1303636363636365
-33.16 -2.23069696969697
-33.87 -2.334409090909091
-33.94 -2.4373636363636364
-34.22 -2.5414848484848482
-36.4 -2.6550909090909087
-34.85 -2.7583484848484843
-37.41 -2.8755909090909086
-37.12 -2.987636363636363
-38.76 -3.107575757575757
-38.09 -3.221984848484848
-37.52 -3.3348181818181817
-38.82 -3.4544242424242424
-38.54 -3.570787878787879
-39.73 -3.6929848484848486
-39.49 -3.812287878787879
-39.54 -3.9321818181818182
-39.2 -4.050454545454546
-39.75 -4.171742424242424
-39.56 -4.291333333333333
-39.99 -4.413166666666666
-40.27 -4.535621212121211
-41.39 -4.662742424242423
-41.04 -4.786575757575756
-37.89 -4.89662121212121
-36.52 -5.00521212121212
-37.21 -5.11901515151515
-37.41 -5.232681818181816
-37.12 -5.344727272727271
-37.13 -5.457257575757574
-37.18 -5.5699999999999985
-36.85 -5.681166666666665
-36.87 -5.792924242424241
-36.04 -5.900878787878787
-37.87 -6.01840909090909
-36.89 -6.1287121212121205
-37.21 -6.241954545454545
-37.07 -6.354075757575757
-36.57 -6.464136363636363
-34.7 -6.566454545454545
-37.54 -6.684515151515151
-39.12 -6.805454545454545
-39.08 -6.923818181818182
-39.34 -7.043424242424242
-42.25 -7.175863636363636
-40.32 -7.295121212121212
-39.11 -7.411803030303031
-38.09 -7.525681818181819
-39.73 -7.648560606060607
-39.4 -7.767454545454546
-39.34 -7.886575757575758
-40.45 -8.010833333333334
-36.83 -8.116954545454547
-39.89 -8.242469696969698
-40.05 -8.364075757575758
-40.76 -8.488666666666667
-40.82 -8.612454545454547
-41.34 -8.738515151515154
-41.15 -8.862924242424246
-41.28 -8.988212121212126
-41.72 -9.115303030303036
-44.25 -9.253227272727278
-43.06 -9.381909090909096
-41.62 -9.50584848484849
-40.73 -9.627924242424248
-41.29 -9.753893939393944
-42.35 -9.883833333333339
-42.97 -10.014984848484854
-39.49 -10.129378787878794
-38.7 -10.245454545454551
-40.69 -10.371772727272734
-42.4 -10.502848484848492
-41.34 -10.626515151515159
-40.0 -10.745696969696978
-39.75 -10.865772727272736
-40.2 -10.988272727272735
-38.52 -11.102454545454552
-41.6 -11.233181818181826
-42.51 -11.363378787878798
-42.58 -11.492515151515162
-44.62 -11.630818181818192
-46.17 -11.773075757575768
-42.53 -11.896439393939405
-53.74 -12.076272727272737
-43.51 -12.192621212121223
-44.82 -12.330424242424254
-41.64 -12.45178787878789
-42.97 -12.584015151515162
-42.18 -12.710636363636374
-41.67 -12.836136363636374
-42.83 -12.967681818181829
-43.61 -13.101015151515162
-43.49 -13.232621212121222
-44.22 -13.367727272727283
-41.93 -13.491318181818192
-43.95 -13.627560606060616
-44.4 -13.762787878787888
-41.15 -13.882560606060615
-40.83 -14.005803030303039
-42.55 -14.137348484848493
-46.89 -14.28601515151516
-47.73 -14.431924242424252
-51.44 -14.593424242424252
-42.8 -14.710030303030312
-45.77 -14.853227272727281
-46.43 -14.99492424242425
-49.89 -15.151348484848493
-47.0 -15.289393939393948
-45.36 -15.424363636363646
-42.39 -15.54831818181819
-43.23 -15.680590909090919
-46.46 -15.826272727272737
-45.96 -15.96478787878789
-44.9 -16.099242424242433
-44.69 -16.234348484848496
-44.04 -16.366818181818193
-43.14 -16.49618181818183
-43.22 -16.62727272727274
-46.1 -16.771333333333345
-45.95 -16.910348484848498
-44.4 -17.042545454545465
-42.87 -17.170136363636374
-44.98 -17.309636363636372
-44.41 -17.443348484848492
-43.94 -17.575787878787885
-44.37 -17.710893939393944
-38.66 -17.819393939393944
-38.86 -17.93745454545455
-39.93 -18.06007575757576
-42.23 -18.191530303030305
-42.54 -18.320909090909094
-40.73 -18.441590909090912
-39.9 -18.561242424242426
-40.62 -18.685424242424244
-41.19 -18.81110606060606
-40.97 -18.93492424242424
-41.43 -19.06116666666667
-43.31 -19.195257575757577
-40.13 -19.31204545454546
-46.28 -19.461606060606062
-45.48 -19.598212121212125
-39.88 -19.71057575757576
-39.36 -19.829060606060608
-37.98 -19.942060606060608
-37.1 -20.053151515151516
-34.35 -20.15307575757576
-37.24 -20.270303030303033
-37.15 -20.382742424242426
-41.2 -20.513727272727277
-40.96 -20.637484848484853
-41.73 -20.765106060606065
-41.17 -20.889015151515157
-41.54 -21.01545454545455
-42.2 -21.14433333333334
-41.31 -21.268166666666673
-43.17 -21.401803030303036
-43.98 -21.53630303030304
-44.19 -21.670530303030308
-47.43 -21.81916666666667
-50.31 -21.975984848484853
-47.33 -22.114893939393944
-46.28 -22.25354545454546
-44.41 -22.38528787878788
-46.42 -22.529000000000003
-46.58 -22.670393939393943
-41.28 -22.787454545454548
-43.71 -22.923590909090912
-41.44 -23.045727272727273
-42.97 -23.178257575757577
-44.52 -23.315515151515154
-44.67 -23.45110606060606
-44.12 -23.5839696969697
-44.15 -23.71780303030303
-42.47 -23.843954545454547
-45.79 -23.987742424242427
-46.09 -24.12786363636364
-47.52 -24.274030303030305
-45.31 -24.40798484848485
-45.62 -24.546696969696974
-46.54 -24.689121212121215
-44.42 -24.820515151515153
-46.38 -24.964030303030302
-46.05 -25.10307575757576
-46.35 -25.24398484848485
-46.8 -25.386484848484848
-47.35 -25.53080303030303
-47.8 -25.676333333333332
-49.14 -25.827272727272724
-49.32 -25.976999999999997
-46.76 -26.11481818181818
-47.32 -26.259060606060604
-47.15 -26.401681818181817
-47.61 -26.546651515151517
-47.12 -26.68869696969697
-48.25 -26.836621212121212
-46.24 -26.97369696969697
-45.43 -27.110136363636364
-44.54 -27.243757575757577
-46.83 -27.389136363636364
-48.33 -27.53786363636364
-48.54 -27.68527272727273
-47.05 -27.825590909090913
-47.13 -27.968530303030306
-47.53 -28.113166666666668
-46.84 -28.25406060606061
-52.25 -28.42059090909091
-55.82 -28.595151515151517
-47.71 -28.727439393939395
-45.26 -28.86087878787879
-45.05 -28.99707575757576
-44.06 -29.129090909090912
-45.91 -29.271015151515154
-46.57 -29.41313636363637
-36.6 -29.508939393939396
-38.65 -29.62916666666667
-40.83 -29.756196969696973
-45.63 -29.90174242424243
-47.96 -30.050606060606064
-47.32 -30.193030303030305
-45.82 -30.32960606060606
-43.68 -30.458727272727273
-47.99 -30.610681818181817
-49.02 -30.76078787878788
-48.48 -30.90687878787879
-52.77 -31.07328787878788
-44.84 -31.197151515151518
-47.41 -31.344712121212126
-55.25 -31.524015151515158
-52.21 -31.677621212121217
-46.58 -31.810242424242432
-39.76 -31.92039393939395
-38.3 -32.034242424242436
-39.75 -32.156893939393946
-49.55 -32.321893939393945
-48.49 -32.46722727272728
-46.36 -32.60448484848485
-44.53 -32.736651515151515
-44.64 -32.87209090909091
-51.53 -33.038681818181814
-49.8 -33.18696969696969
-46.96 -33.324969696969696
-45.25 -33.4595
-46.7 -33.60321212121212
-56.83 -33.790772727272724
-53.52 -33.94793939393939
-54.38 -34.1140303030303
-43.28 -34.22836363636363
-44.68 -34.365878787878785
-44.44 -34.500181818181815
-44.63 -34.63571212121212
-51.16 -34.800636363636364
-47.76 -34.94021212121212
-46.18 -35.07775757575757
-42.86 -35.20260606060606
-46.67 -35.34980303030303
-47.96 -35.49709090909091
-52.0 -35.66078787878788
-46.57 -35.79368181818182
-47.8 -35.94039393939394
-50.46 -36.09733333333334
-46.48 -36.23215151515152
-49.8 -36.38809090909091
-52.26 -36.55018181818183
-45.9 -36.67963636363638
-46.23 -36.82022727272729
-39.5 -36.929727272727284
-44.57 -37.072469696969705
-47.46 -37.22066666666667
-49.89 -37.37553030303031
-48.05 -37.518348484848495
-46.78 -37.65818181818182
-47.33 -37.8024393939394
-49.63 -37.95631818181818
-50.68 -38.11148484848485
-51.99 -38.27101515151515
-49.74 -38.41833333333334
-48.38 -38.562878787878795
-60.56 -38.76484848484849
-48.93 -38.895500000000006
-57.46 -39.08254545454546
-53.11 -39.236893939393944
-48.78 -39.37815151515152
-49.07 -39.52728787878789
-46.84 -39.665848484848496
-38.95 -39.771924242424255
-47.29 -39.92786363636365
-46.69 -40.06843939393941
-41.25 -40.18519696969698
-38.68 -40.29851515151516
-44.45 -40.44195454545456
-48.82 -40.59651515151516
-49.37 -40.74695454545456
-48.54 -40.892787878787885
-48.95 -41.04174242424243
-47.38 -41.1829393939394
-53.62 -41.354878787878796
-51.8 -41.509090909090915
-49.25 -41.654469696969706
-67.3 -41.88575757575758
-42.67 -41.97774242424243
-47.58 -42.12936363636364
-46.02 -42.26645454545455
-47.47 -42.4125
-38.07 -42.513621212121215
-40.6 -42.64048484848485
-49.82 -42.805424242424245
-48.43 -42.95007575757576
-50.97 -43.10837878787879
-52.6 -43.270242424242426
-51.02 -43.42245454545455
-50.87 -43.576378787878795
-53.34 -43.74175757575758
-53.61 -43.904621212121214
-56.95 -44.08225757575757
-55.54 -44.24842424242424
-51.12 -44.39663636363637
-55.38 -44.5709090909091
-48.82 -44.7089090909091
-50.7 -44.865393939393954
-47.64 -45.005121212121225
-38.48 -45.107848484848496
-43.23 -45.24604545454547
-44.6 -45.38327272727274
-45.09 -45.52065151515153
-48.82 -45.674242424242436
-51.05 -45.832318181818195
-50.35 -45.98383333333335
-53.6 -46.15118181818184
-50.0 -46.29724242424244
-48.57 -46.442257575757594
-54.47 -46.616257575757594
-50.45 -46.76304545454548
-51.34 -46.91996969696972
-64.75 -47.13650000000003
-46.06 -47.2477575757576
-46.51 -47.38937878787881
-48.63 -47.53995454545457
-45.27 -47.672045454545476
-47.07 -47.81740909090911
-38.74 -47.92218181818184
-46.09 -48.072984848484865
-47.39 -48.21856060606062
-51.02 -48.37866666666668
-51.63 -48.536045454545466
-55.55 -48.710318181818195
-48.91 -48.84846969696971
-52.79 -49.01431818181819
-54.63 -49.18265151515152
-58.24 -49.364606060606064
-51.5 -49.51045454545455
-56.96 -49.69133333333333
-49.75 -49.83116666666666
-51.43 -49.9895606060606
-53.01 -50.152590909090904
-49.07 -50.295318181818175
-41.8 -50.41096969696969
-46.15 -50.55740909090908
-47.15 -50.70180303030302
-47.63 -50.84686363636363
-51.65 -51.00946969696969
-52.35 -51.169166666666655
-51.04 -51.32184848484847
-50.86 -51.475696969696955
-53.89 -51.643590909090896
-55.28 -51.81321212121211
-55.36 -51.9810909090909
-53.86 -52.142030303030296
-52.05 -52.29701515151514
-60.32 -52.49233333333332
-49.56 -52.62621212121211
-53.16 -52.79275757575757
-55.76 -52.965666666666664
-49.09 -53.10431818181818
-49.84 -53.256484848484845
-44.05 -53.381196969696965
-42.67 -53.50840909090908
-46.79 -53.65643939393939
-49.3 -53.80963636363636
-48.54 -53.95557575757575
-50.34 -54.110848484848475
-51.05 -54.2666212121212
-51.95 -54.42540909090908
-55.83 -54.60046969696968
-52.47 -54.75437878787877
-52.76 -54.914696969696955
-53.8 -55.079303030303016
-53.66 -55.24169696969695
-70.09 -55.478984848484835
-50.7 -55.60324242424241
-53.31 -55.76874242424241
-50.54 -55.917696969696955
-51.18 -56.07375757575756
-47.93 -56.21407575757574
-49.8 -56.367818181818166
-51.28 -56.52545454545453
-50.96 -56.679393939393925
-51.63 -56.836863636363624
-52.5 -56.997272727272716
-52.76 -57.15754545454544
-53.84 -57.32233333333332
-52.43 -57.47907575757575
-55.04 -57.649818181818176
-54.6 -57.81460606060605
-73.01 -58.06374242424242
-48.95 -58.17562121212121
-53.59 -58.34504545454545
-53.64 -58.50766666666666
-51.09 -58.658621212121204
-45.67 -58.78880303030303
-40.99 -58.905924242424234
-46.28 -59.05418181818181
-42.91 -59.17910606060605
-46.41 -59.325045454545446
-47.63 -59.47122727272727
-47.57 -59.615287878787875
-52.01 -59.779621212121214
-49.53 -59.925954545454545
-52.05 -60.0875
-53.34 -60.251090909090905
-52.13 -60.40722727272727
-53.28 -60.57042424242424
-52.09 -60.726469696969694
-52.4 -60.885727272727266
-61.99 -61.08810606060606
-46.97 -61.20768181818182
-50.73 -61.36710606060606
-47.19 -61.50474242424243
-44.78 -61.636787878787885
-41.53 -61.75771212121212
-38.57 -61.87010606060606
-42.8 -62.00621212121212
-48.33 -62.16104545454546
-49.98 -62.315000000000005
-49.39 -62.46377272727273
-50.51 -62.61853030303031
-51.82 -62.77754545454546
-52.37 -62.93707575757576
-51.55 -63.092045454545456
-53.54 -63.25730303030303
-53.54 -63.41954545454545
-56.23 -63.594015151515144
-49.46 -63.73363636363636
-50.88 -63.88996969696969
-48.89 -64.03510606060605
-47.96 -64.1790303030303
-41.8 -64.29636363636364
-47.99 -64.45116666666667
-41.47 -64.56695454545454
-49.33 -64.72834848484847
-48.92 -64.87596969696968
-49.26 -65.02575757575755
-48.58 -65.17193939393937
-50.89 -65.3296515151515
-52.9 -65.49299999999998
-50.16 -65.64084848484846
-50.83 -65.7958939393939
-65.66 -66.0173333333333
-45.99 -66.12689393939391
-54.8 -66.306303030303
-50.67 -66.45359090909088
-49.04 -66.59972727272724
-46.57 -66.73710606060602
-43.15 -66.86268181818177
-45.85 -67.00571212121207
-47.94 -67.15415151515147
-44.42 -67.28342424242419
-46.89 -67.42925757575752
-47.29 -67.57316666666661
-47.55 -67.71765151515146
-48.49 -67.86601515151509
-49.01 -68.01531818181812
-49.98 -68.16824242424235
-49.55 -68.31774242424235
-50.65 -68.47289393939387
-47.39 -68.61156060606054
-60.53 -68.81489393939387
-46.12 -68.9328181818181
-46.83 -69.07580303030296
-42.54 -69.19821212121205
-39.29 -69.31234848484841
-42.94 -69.44799999999992
-41.8 -69.57293939393931
-43.96 -69.70942424242416
-45.17 -69.84813636363629
-47.66 -69.99633333333325
-48.4 -70.14412121212112
-50.95 -70.3023787878787
-50.18 -70.45327272727263
-53.87 -70.62210606060597
-58.62 -70.8069393939393
-57.18 -70.97803030303021
-81.38 -71.26130303030293
-49.31 -71.36213636363627
-52.76 -71.52724242424232
-51.54 -71.68157575757566
-52.04 -71.8400303030302
-40.01 -71.94304545454536
-34.28 -72.03824242424233
-38.96 -72.16339393939384
-34.31 -72.26031818181809
-48.73 -72.42983333333325
-49.36 -72.58036363636356
-46.38 -72.71639393939387
-50.22 -72.87439393939387
-49.08 -73.02139393939386
-50.53 -73.17671212121203
-54.68 -73.34869696969687
-50.86 -73.4970303030302
-63.2 -73.70724242424232
-55.32 -73.86293939393929
-54.34 -74.0261212121211
-52.68 -74.18324242424231
-65.94 -74.40315151515141
-59.92 -74.57560606060595
-53.98 -74.7301818181817
-56.8 -74.90657575757564
-50.69 -75.05092424242413
-47.83 -75.19153030303019
-29.45 -75.25292424242413
-34.06 -75.3631212121211
-40.84 -75.4971515151514
-45.26 -75.64099999999989
-43.47 -75.77001515151504
-46.41 -75.91510606060595
-47.15 -76.05910606060594
-44.41 -76.18953030303018
-51.86 -76.35796969696958
-46.74 -76.49184848484836
-50.12 -76.64884848484836
-70.83 -76.89486363636351
-42.07 -76.97877272727261
-49.5 -77.1400303030302
-52.09 -77.30180303030293
-45.8 -77.43106060606051
-46.65 -77.57371212121203
-41.91 -77.6935303030302
-38.48 -77.80493939393929
-43.36 -77.94372727272717
-46.2 -78.08803030303021
-45.72 -78.22584848484838
-48.96 -78.37912121212112
-49.21 -78.52862121212112
-51.22 -78.6868787878787
-52.43 -78.84759090909083
-52.3 -79.0058787878787
-52.89 -79.16704545454536
-70.76 -79.40854545454536
-52.09 -79.53810606060597
-55.32 -79.71063636363627
-54.14 -79.87290909090899
-49.21 -80.01456060606051
-44.34 -80.14154545454535
-38.91 -80.25122727272718
-47.55 -80.40840909090899
-45.12 -80.54145454545444
-45.45 -80.67968181818172
-47.29 -80.82577272727264
-46.54 -80.96566666666658
-49.48 -81.12006060606052
-50.12 -81.272909090909
-50.99 -81.42874242424233
-52.43 -81.58980303030295
-54.9 -81.759909090909
-59.02 -81.94499999999992
-55.51 -82.10789393939386
-51.32 -82.25706060606052
-58.75 -82.4463484848484
-48.37 -82.57719696969689
-49.7 -82.7298181818181
-51.93 -82.89056060606053
-46.24 -83.02206060606053
-46.15 -83.16177272727266
-42.81 -83.28643939393933
-35.8 -83.38430303030297
-37.17 -83.4990151515151
-46.73 -83.65510606060602
-48.05 -83.80271212121207
-49.28 -83.95390909090904
-50.55 -84.1090151515151
-50.83 -84.26346969696964
-53.24 -84.42845454545449
-55.6 -84.6005151515151
-57.17 -84.7761363636363
-54.47 -84.937106060606
-66.1 -85.15503030303024
-50.84 -85.28596969696964
-59.67 -85.48016666666662
-55.93 -85.64398484848479
-51.69 -85.79419696969691
-48.74 -85.93742424242419
-44.28 -86.06484848484843
-38.49 -86.17271212121206
-43.91 -86.3139848484848
-49.96 -86.4745454545454
-44.51 -86.60116666666661
-46.5 -86.74509090909086
-47.99 -86.89277272727269
-49.36 -87.0444242424242
-49.44 -87.19436363636359
-49.35 -87.3437727272727
-48.57 -87.4897727272727
-50.83 -87.64722727272724
-51.57 -87.80462121212116
-52.6 -87.9655757575757
-67.47 -88.19256060606055
-48.73 -88.31183333333328
-53.49 -88.48113636363631
-49.58 -88.62545454545449
-48.57 -88.771106060606
-46.44 -88.908606060606
-45.83 -89.04656060606054
-48.37 -89.19698484848479
-49.7 -89.349606060606
-49.82 -89.50075757575752
-51.05 -89.65731818181813
-49.91 -89.80683333333327
-51.6 -89.96575757575752
-53.01 -90.12853030303025
-52.8 -90.28821212121206
-51.63 -90.44289393939388
-51.49 -90.59871212121207
-63.96 -90.8114242424242
-47.99 -90.93265151515146
-51.21 -91.09271212121207
-48.59 -91.2359848484848
-49.34 -91.38663636363631
-48.04 -91.53024242424237
-43.78 -91.6564545454545
-40.44 -91.77393939393934
-47.35 -91.92789393939388
-45.62 -92.06351515151509
-47.01 -92.2080757575757
-47.28 -92.35175757575752
-46.97 -92.49362121212116
-46.86 -92.63545454545448
-46.49 -92.77577272727267
-46.76 -92.91787878787872
-48.88 -93.06921212121205
-55.83 -93.24892424242417
-53.25 -93.40637878787871
-53.38 -93.56833333333326
-46.5 -93.69881818181811
-43.42 -93.8257272727272
-46.76 -93.97248484848478
-44.3 -94.10299999999994
-48.28 -94.25533333333327
-45.44 -94.38872727272721
-36.57 -94.48610606060599
-44.1 -94.63115151515146
-48.7 -94.7856969696969
-48.73 -94.93340909090902
-48.84 -95.08157575757569
-45.63 -95.21498484848478
-47.62 -95.36230303030297
-47.15 -95.50446969696964
-52.63 -95.67225757575751
-56.36 -95.8486969696969
-63.87 -96.05362121212114
-48.28 -96.17630303030296
-47.31 -96.3181969696969
-52.11 -96.4833787878787
-57.54 -96.66596969696961
-57.31 -96.83928787878779
-50.53 -96.98213636363627
-44.67 -97.10862121212112
-31.75 -97.18525757575749
-46.4 -97.34806060606051
-47.93 -97.49562121212112
-46.4 -97.633909090909
-52.13 -97.80056060606051
-46.41 -97.9325303030302
-45.64 -98.06966666666658
-48.11 -98.21919696969688
-50.29 -98.37489393939386
-50.2 -98.52687878787872
-50.77 -98.68159090909083
-48.68 -98.82593939393931
-45.25 -98.95786363636356
-48.31 -99.10889393939387
-54.57 -99.28374242424235
-57.02 -99.46024242424234
-51.98 -99.61012121212113
-47.09 -99.745409090909
-43.8 -99.87315151515142
-39.99 -99.98856060606052
-47.14 -100.14224242424234
-47.53 -100.28686363636355
-46.34 -100.42548484848476
-45.25 -100.56095454545445
-47.33 -100.70753030303021
-43.95 -100.83559090909083
-45.76 -100.97699999999992
-46.49 -101.11898484848477
-55.14 -101.29918181818174
-51.06 -101.44772727272719
-50.35 -101.59922727272719
-47.48 -101.7387575757575
-48.12 -101.88554545454538
-48.46 -102.03290909090902
-53.31 -102.20180303030295
-50.22 -102.34930303030295
-47.19 -102.48771212121204
-44.47 -102.61834848484841
-48.74 -102.77251515151508
-49.16 -102.92212121212114
-51.59 -103.0821363636363
-51.43 -103.23774242424236
-52.53 -103.39859090909084
-51.47 -103.55295454545447
-49.85 -103.70156060606054
-56.86 -103.88448484848477
-55.6 -104.05106060606053
-53.67 -104.21077272727265
-51.45 -104.36331818181812
-48.66 -104.50654545454539
-48.5 -104.65327272727265
-49.12 -104.80306060606053
-48.75 -104.95022727272719
-48.27 -105.09577272727265
-46.4 -105.23354545454538
-48.19 -105.3822878787878
-44.05 -105.50949999999993
-40.58 -105.62721212121204
-46.34 -105.77636363636356
-49.68 -105.93196969696962
-50.79 -106.08756060606053
-51.89 -106.24646969696963
-53.99 -106.4132575757575
-51.78 -106.5668181818181
-65.06 -106.78409090909084
-52.56 -106.92442424242417
-59.66 -107.11596969696963
-56.51 -107.28243939393933
-49.08 -107.41990909090902
-53.47 -107.58859090909084
-50.64 -107.73775757575751
-50.26 -107.88948484848478
-47.83 -108.03074242424236
-43.12 -108.15427272727267
-44.28 -108.29021212121206
-39.43 -108.40234848484843
-36.93 -108.51046969696965
-42.25 -108.64656060606056
-49.83 -108.80904545454541
-49.35 -108.9578636363636
-48.25 -109.10240909090905
-48.22 -109.24848484848481
-49.69 -109.40128787878783
-49.98 -109.55318181818176
-51.16 -109.70999999999994
-48.52 -109.85303030303024
-48.6 -110.00042424242417
-48.5 -110.14724242424235
-60.1 -110.34693939393932
-47.34 -110.47106060606053
-49.56 -110.62460606060598
-46.84 -110.76242424242417
-48.69 -110.91277272727265
-46.31 -111.04949999999992
-47.6 -111.1956969696969
-47.9 -111.34130303030295
-49.31 -111.49286363636357
-48.39 -111.63810606060599
-47.61 -111.7811969696969
-49.23 -111.93283333333325
-53.31 -112.10056060606053
-54.09 -112.26565151515143
-56.25 -112.43937878787871
-53.73 -112.59837878787872
-51.14 -112.74942424242417
-48.99 -112.89462121212114
-51.18 -113.05303030303024
-50.1 -113.20321212121206
-48.22 -113.34648484848479
-39.02 -113.45078787878782
-38.69 -113.56753030303024
-44.45 -113.71095454545448
-47.91 -113.86137878787872
-49.99 -114.01601515151508
-51.16 -114.1728181818181
-50.79 -114.3261666666666
-51.48 -114.48321212121205
-53.35 -114.64771212121204
-54.02 -114.81242424242416
-53.7 -114.97466666666658
-65.48 -115.1909393939393
-47.97 -115.30977272727264
-53.48 -115.48018181818173
-58.96 -115.66715151515143
-48.34 -115.79754545454537
-48.36 -115.94412121212113
-45.69 -116.07853030303023
-43.45 -116.20680303030295
-50.19 -116.36910606060599
-48.19 -116.51210606060599
-47.29 -116.65404545454538
-49.73 -116.80843939393932
-49.68 -116.95890909090902
-50.7 -117.11409090909083
-51.86 -117.27299999999993
-53.15 -117.43601515151508
-53.69 -117.59953030303022
-54.29 -117.76495454545446
-54.31 -117.92956060606052
-68.72 -118.15963636363628
-52.82 -118.29560606060598
-57.08 -118.47503030303022
-52.28 -118.62618181818175
-50.28 -118.77551515151508
-47.32 -118.91442424242418
-48.21 -119.06186363636357
-48.96 -119.21136363636357
-50.12 -119.36499999999994
-52.05 -119.52565151515145
-52.47 -119.68528787878782
-52.2 -119.84306060606055
-54.31 -120.01083333333328
-55.01 -120.17859090909086
-56.44 -120.35178787878783
-58.32 -120.5313636363636
-57.89 -120.70613636363632
-58.99 -120.88656060606056
-80.7 -121.16399999999996
-51.51 -121.2758636363636
-54.48 -121.4454545454545
-55.01 -121.6129545454545
-51.89 -121.76546969696965
-49.43 -121.91153030303025
-40.92 -122.02263636363631
-30.47 -122.0991363636363
-43.18 -122.24924242424237
-45.81 -122.3920454545454
-49.16 -122.54609090909085
-48.35 -122.69137878787872
-46.38 -122.82893939393934
-50.05 -122.98616666666662
-47.93 -123.12819696969693
-49.29 -123.27962121212117
-51.32 -123.43821212121208
-49.91 -123.58731818181813
-50.46 -123.74106060606056
-64.94 -123.95978787878782
-48.12 -124.08012121212116
-53.51 -124.25043939393935
-49.09 -124.39249999999994
-50.11 -124.54589393939388
-49.73 -124.69601515151508
-40.83 -124.80625757575751
-42.67 -124.93834848484843
-46.88 -125.08678787878783
-47.16 -125.23012121212116
-49.1 -125.38184848484845
-50.3 -125.53609090909087
-50.64 -125.69006060606057
-50.73 -125.8439242424242
-51.05 -125.99910606060601
-50.77 -126.15253030303025
-51.76 -126.31087878787872
-61.24 -126.51081818181812
-44.43 -126.61998484848479
-48.84 -126.7746666666666
-47.04 -126.91448484848479
-46.69 -127.05543939393934
-45.6 -127.19196969696964
-44.16 -127.323606060606
-46.55 -127.46828787878782
-47.45 -127.61343939393933
-48.25 -127.76086363636357
-50.12 -127.91557575757568
-48.14 -128.05845454545448
-48.8 -128.20733333333328
-49.15 -128.35680303030298
-50.37 -128.51128787878784
-49.76 -128.66115151515146
-63.83 -128.87589393939388
-49.5 -129.00418181818176
-50.26 -129.1576363636363
-53.84 -129.32621212121208
-49.89 -129.47140909090905
-44.85 -129.59968181818178
-39.86 -129.71290909090905
-42.69 -129.8465606060606
-43.95 -129.9816515151515
-40.87 -130.1008333333333
-48.14 -130.25772727272724
-44.81 -130.38846969696965
-44.56 -130.52312121212117
-47.31 -130.67065151515146
-48.15 -130.81783333333328
-48.7 -130.96624242424238
-51.77 -131.12777272727268
-53.52 -131.292606060606
-51.07 -131.44365151515146
-53.61 -131.60995454545449
-51.28 -131.76181818181811
-53.13 -131.92562121212114
-50.13 -132.0729848484848
-55.86 -132.25093939393935
-49.89 -132.3930757575757
-45.82 -132.52575757575752
-45.76 -132.66433333333327
-44.14 -132.7956363636363
-39.75 -132.90943939393935
-43.07 -133.0449848484848
-46.72 -133.19209090909087
-46.86 -133.33430303030298
-48.04 -133.4816666666666
-50.15 -133.63683333333327
-52.96 -133.8015757575757
-53.81 -133.9659242424242
-50.46 -134.11375757575752
-70.86 -134.35939393939387
-49.12 -134.47530303030297
-54.44 -134.64833333333328
-52.31 -134.80362121212116
-50.32 -134.95309090909086
-47.57 -135.09307575757572
-42.33 -135.21340909090907
-40.67 -135.33413636363633
-46.71 -135.48483333333328
-44.54 -135.6165151515151
-43.31 -135.7458939393939
-42.33 -135.8726818181818
-46.54 -136.0200909090909
-47.76 -136.16666666666666
-45.91 -136.30298484848484
-46.73 -136.44583333333333
-47.7 -136.5918484848485
-49.05 -136.74253030303032
-53.08 -136.90948484848488
-56.31 -137.0850151515152
-48.45 -137.2199242424243
-51.09 -137.37874242424246
-48.47 -137.52165151515155
-50.98 -137.67993939393943
-49.7 -137.82860606060612
-44.47 -137.95543939393946
-47.18 -138.1025151515152
-47.12 -138.24521212121218
-44.01 -138.3738636363637
-48.1 -138.52581818181824
-49.02 -138.67575757575764
-50.56 -138.8313030303031
-50.94 -138.98624242424248
-50.63 -139.13919696969702
-50.33 -139.29125757575764
-49.96 -139.44209090909095
-62.33 -139.64971212121216
-47.43 -139.77086363636366
-50.57 -139.92886363636364
-47.34 -140.06742424242424
-45.09 -140.20065151515152
-46.09 -140.34183333333334
-47.76 -140.48909090909092
-47.67 -140.6334090909091
-43.47 -140.75877272727274
-46.05 -140.9022272727273
-47.64 -141.049
-48.47 -141.19713636363636
-49.09 -141.34683333333334
-49.36 -141.49681818181818
-49.64 -141.64766666666665
-49.46 -141.7972727272727
-53.04 -141.96342424242425
-65.95 -142.18283333333332
-48.51 -142.30340909090907
-55.11 -142.48040909090906
-51.6 -142.63145454545452
-48.57 -142.77404545454542
-46.48 -142.91172727272723
-45.89 -143.0498939393939
-36.99 -143.14849999999998
-44.31 -143.29386363636362
-44.04 -143.42690909090908
-47.48 -143.57599999999996
-46.71 -143.71637878787874
-48.15 -143.86446969696965
-48.7 -144.01287878787875
-49.03 -144.1619545454545
-48.96 -144.31021212121206
-49.08 -144.45912121212118
-48.6 -144.60566666666665
-51.96 -144.76821212121212
-51.13 -144.92189393939395
-63.93 -145.13501515151518
-45.2 -145.24360606060608
-49.09 -145.39825757575758
-47.19 -145.5383787878788
-49.17 -145.69037878787879
-47.07 -145.82983333333334
-45.29 -145.96437878787881
-44.44 -146.0977575757576
-41.4 -146.2186060606061
-42.38 -146.3485151515152
-46.66 -146.49639393939398
-49.51 -146.65074242424245
-48.96 -146.79827272727275
-50.47 -146.95350000000002
-50.66 -147.10730303030306
-52.47 -147.26904545454548
-53.63 -147.4333181818182
-54.72 -147.6007878787879
-55.07 -147.76819696969702
-53.67 -147.92871212121216
-53.17 -148.08907575757578
-50.64 -148.23869696969697
-50.36 -148.3908787878788
-44.94 -148.5188484848485
-44.17 -148.65153030303028
-46.21 -148.7946515151515
-50.02 -148.95199999999997
-47.87 -149.093803030303
-49.91 -149.24813636363632
-47.57 -149.3887424242424
-47.05 -149.53053030303028
-46.54 -149.67078787878785
-48.44 -149.8204545454545
-48.91 -149.96937878787875
-50.21 -150.12349999999995
-51.28 -150.28051515151512
-52.51 -150.44149999999996
-69.98 -150.68003030303026
-48.63 -150.79504545454543
-51.43 -150.95513636363634
-50.23 -151.1055303030303
-48.73 -151.25092424242425
-43.73 -151.37586363636365
-37.41 -151.47965151515152
-45.38 -151.62924242424242
-44.51 -151.76280303030302
-47.86 -151.91290909090907
-48.7 -152.06175757575755
-46.6 -152.19978787878787
-47.96 -152.3471818181818
-48.02 -152.49278787878788
-47.99 -152.63816666666668
-49.18 -152.78900000000002
-48.68 -152.9357575757576
-50.17 -153.09004545454547
-49.71 -153.23998484848485
-53.33 -153.40707575757577
-58.09 -153.5903181818182
-55.36 -153.7539393939394
-51.81 -153.90556060606062
-51.38 -154.0606060606061
-47.6 -154.19912121212124
-44.47 -154.3291363636364
-43.38 -154.45893939393943
-38.25 -154.5670757575758
-40.46 -154.69303030303035
-40.57 -154.81613636363642
-44.7 -154.95784848484854
-45.22 -155.09566666666674
-47.13 -155.24137878787886
-48.47 -155.39028787878794
-48.41 -155.536893939394
-48.88 -155.68572727272735
-48.56 -155.832393939394
-52.51 -155.99750000000006
-50.79 -156.14880303030307
-58.15 -156.3361666666667
-50.79 -156.47892424242428
-55.96 -156.65633333333338
-56.71 -156.82931818181822
-49.14 -156.9667575757576
-45.8 -157.10048484848488
-41.28 -157.2187272727273
-38.53 -157.33131818181823
-45.73 -157.48080303030306
-42.7 -157.60560606060608
-45.51 -157.74777272727275
-45.21 -157.8843181818182
-43.43 -158.0132272727273
-49.95 -158.17446969696974
-52.05 -158.33537878787882
-51.0 -158.48833333333337
-49.05 -158.6340151515152
-48.52 -158.7802424242425
-55.84 -158.96054545454552
-54.82 -159.1251212121213
-54.93 -159.2917424242425
-57.93 -159.4718333333334
-63.2 -159.6713333333334
-50.89 -159.806893939394
-50.94 -159.96133333333339
-53.51 -160.12737878787885
-55.22 -160.2973030303031
-50.57 -160.44350000000009
-50.34 -160.59569696969706
-46.76 -160.73196969696977
-48.3 -160.88066666666674
-52.77 -161.04734848484856
-51.66 -161.2022121212122
-50.28 -161.35248484848495
-54.0 -161.52175757575768
-49.73 -161.66598484848495
-49.48 -161.81554545454557
-68.77 -162.05316666666678
-55.67 -162.20201515151527
-55.38 -162.36939393939406
-51.27 -162.51853030303042
-44.55 -162.6433484848486
-37.53 -162.74643939393948
-43.01 -162.88507575757586
-45.28 -163.02572727272738
-50.16 -163.18512121212132
-49.41 -163.33371212121222
-46.54 -163.47039393939403
-45.27 -163.6056515151516
-47.07 -163.75101515151525
-49.44 -163.90442424242434
-51.23 -164.06237878787888
-53.83 -164.2294393939395
-51.28 -164.3809696969698
-62.15 -164.58577272727283
-53.8 -164.73615151515162
-61.02 -164.9320000000001
-59.02 -165.1078181818183
-49.18 -165.2419393939395
-51.99 -165.40374242424252
-42.99 -165.5203787878789
-32.78 -165.60424242424256
-43.22 -165.75103030303043
-44.42 -165.8874545454547
-48.83 -166.04210606060622
-48.59 -166.188984848485
-43.02 -166.31090909090923
-40.17 -166.42831818181833
-48.0 -166.58563636363652
-49.6 -166.7383636363638
-55.1 -166.9136666666668
-54.02 -167.07572727272742
-48.43 -167.2140151515153
-48.55 -167.36131818181835
-49.47 -167.5126212121214
-65.1 -167.73357575757592
-51.56 -167.8693030303032
-50.73 -168.02177272727292
-47.34 -168.1600909090911
-43.84 -168.28763636363658
-39.33 -168.39998484848508
-47.93 -168.55825757575778
-43.59 -168.68377272727295
-47.84 -168.83518181818204
-50.04 -168.99015151515172
-45.65 -169.12183333333354
-46.89 -169.26580303030323
-48.18 -169.41375757575776
-51.02 -169.57266666666683
-51.73 -169.73050000000018
-67.63 -169.95953030303048
-48.55 -170.07774242424262
-54.65 -170.25259090909108
-54.95 -170.41956060606077
-50.86 -170.56748484848504
-49.44 -170.7151515151517
-45.25 -170.84592424242442
-36.93 -170.94522727272744
-42.28 -171.0814545454547
-47.7 -171.2342121212123
-47.68 -171.37866666666682
-45.36 -171.5126060606062
-45.92 -171.65260606060622
-48.75 -171.8046212121214
-49.22 -171.95448484848504
-49.21 -172.10359090909108
-50.86 -172.2602121212123
-48.97 -172.40574242424262
-50.95 -172.56313636363654
-50.91 -172.71734848484869
-54.05 -172.88589393939412
-64.54 -173.09736363636384
-47.02 -173.21330303030325
-50.86 -173.37324242424265
-46.89 -173.5093181818184
-47.54 -173.65436363636385
-42.49 -173.77546969696994
-50.89 -173.9424090909093
-47.86 -174.08284848484868
-51.8 -174.24578787878806
-51.42 -174.4010303030305
-51.76 -174.55839393939414
-52.02 -174.71642424242444
-51.5 -174.87169696969715
-52.89 -175.03407575757595
-54.49 -175.2016212121214
-52.72 -175.35869696969715
-61.49 -175.55831818181835
-54.25 -175.71174242424257
-50.27 -175.8580454545456
-55.16 -176.03260606060618
-47.8 -176.16630303030317
-47.83 -176.311287878788
-44.05 -176.43904545454555
-41.9 -176.56275757575767
-51.31 -176.7325000000001
-49.28 -176.8787575757577
-51.22 -177.0369090909092
-51.82 -177.1948484848486
-51.96 -177.35251515151526
-52.93 -177.5143787878789
-52.49 -177.67277272727284
-55.76 -177.8466969696971
-55.05 -178.0124393939395
-56.96 -178.1879393939395
-81.38 -178.47154545454558
-50.96 -178.57987878787893
-57.3 -178.76312121212138
-52.19 -178.91353030303046
-51.41 -179.06813636363654
-51.67 -179.22510606060624
-39.63 -179.32695454545473
-43.75 -179.4657727272729
-44.44 -179.60148484848503
-50.96 -179.76578787878807
-48.47 -179.90889393939415
-48.71 -180.05686363636383
-52.64 -180.22233333333355
-53.01 -180.38353030303054
-52.34 -180.54112121212142
-55.48 -180.7140000000002
-56.83 -180.88825757575776
-57.54 -181.06369696969716
-54.47 -181.22410606060623
-57.67 -181.4037121212123
-63.06 -181.60296969696986
-54.41 -181.7547424242426
-57.28 -181.93266666666685
-52.54 -182.08469696969715
-50.46 -182.2344545454547
-41.96 -182.34872727272744
-47.37 -182.50046969696987
-43.34 -182.62569696969715
-55.25 -182.81116666666682
-54.21 -182.9738636363638
-54.69 -183.14031818181834
-54.85 -183.3067727272729
-56.43 -183.4801666666668
-59.41 -183.66471212121226
-59.01 -183.84292424242437
-57.36 -184.01424242424255
-74.77 -184.2671969696971
-49.23 -184.37768181818197
-52.31 -184.5408636363638
-48.83 -184.68356060606078
-48.79 -184.83134848484866
-46.51 -184.9688333333335
-36.7 -185.065181818182
-25.34 -185.12475757575777
-35.54 -185.24790909090927
-42.8 -185.38860606060624
-48.6 -185.54466666666684
-47.03 -185.6848030303032
-47.72 -185.8304545454547
-47.13 -185.97237878787894
-49.03 -186.1238333333335
-47.47 -186.26531818181834
-48.6 -186.4143030303032
-53.76 -186.58503030303046
-51.22 -186.7363939393941
-60.6 -186.9342424242426
-49.04 -187.0653333333335
-55.24 -187.2421212121214
-48.78 -187.3801515151517
-47.43 -187.52183333333352
-42.73 -187.64419696969716
-35.79 -187.74213636363655
-46.18 -187.89781818181837
-44.41 -188.0297121212123
-46.28 -188.17278787878806
-49.53 -188.32780303030322
-50.31 -188.48143939393955
-49.77 -188.63143939393956
-49.85 -188.78262121212137
-49.67 -188.9328636363638
-49.13 -189.08092424242443
-49.09 -189.2296212121214
-47.04 -189.3690606060608
-47.73 -189.5147424242426
-45.47 -189.64910606060624
-50.81 -189.81116666666685
-44.99 -189.938681818182
-45.76 -190.07851515151535
-44.23 -190.21022727272748
-44.7 -190.34639393939415
-38.95 -190.45571212121234
-40.99 -190.58301515151535
-45.47 -190.72759090909113
-46.8 -190.87142424242447
-47.05 -191.01437878787902
-47.71 -191.15995454545478
-49.63 -191.31325757575783
-50.56 -191.46787878787904
-51.03 -191.62322727272755
-53.83 -191.79059090909118
-69.98 -192.0271212121215
-46.94 -192.13445454545484
-52.88 -192.30369696969726
-53.43 -192.46643939393968
-48.41 -192.60553030303058
-46.4 -192.74309090909117
-40.78 -192.85815151515177
-34.21 -192.9518636363639
-44.61 -193.1028030303033
-49.94 -193.2622121212124
-48.87 -193.4086818181821
-49.47 -193.55950000000027
-48.47 -193.7048636363639
-50.04 -193.85887878787906
-52.1 -194.01987878787907
-50.25 -194.16934848484877
-54.36 -194.34030303030332
-53.66 -194.50184848484878
-50.0 -194.64781818181848
-54.89 -194.8215606060609
-49.19 -194.96198484848514
-52.74 -195.12718181818212
-46.41 -195.25822727272757
-47.3 -195.4029090909094
-42.58 -195.52478787878817
-37.61 -195.63122727272756
-45.98 -195.7832424242427
-41.78 -195.90348484848514
-43.3 -196.0370000000003
-46.73 -196.18380303030332
-45.48 -196.31972727272756
-47.19 -196.46531818181847
-48.59 -196.6146818181821
-48.2 -196.76015151515182
-49.74 -196.9132121212124
-49.79 -197.06416666666695
-65.66 -197.2871818181821
-46.18 -197.39760606060634
-50.03 -197.55504545454573
-48.5 -197.69969696969727
-49.57 -197.85153030303061
-49.67 -198.00219696969728
-47.76 -198.1440303030306
-47.45 -198.2873484848488
-51.43 -198.4492272727276
-50.43 -198.60053030303064
-51.54 -198.75839393939427
-51.93 -198.9163484848488
-51.98 -199.07393939393972
-54.79 -199.2442272727276
-48.57 -199.3819848484852
-50.81 -199.53934848484883
-55.19 -199.71322727272764
-50.27 -199.85810606060642
-45.89 -199.99053030303065
-45.5 -200.12781818181853
-44.15 -200.25956060606094
-38.83 -200.369166666667
-44.86 -200.51424242424278
-42.38 -200.63890909090944
-45.64 -200.78215151515187
-37.34 -200.88272727272764
-44.04 -201.0263333333337
-41.38 -201.14769696969734
-42.12 -201.2764545454549
-43.75 -201.41150000000033
-44.0 -201.54521212121244
-44.52 -201.68090909090944
-47.36 -201.8287272727276
-47.18 -201.97142424242458
-49.09 -202.1230757575761
-49.36 -202.27306060606094
-48.57 -202.4190454545458
-53.48 -202.5885454545458
-55.54 -202.75996969697005
-49.18 -202.899363636364
-50.71 -203.05534848484885
-52.09 -203.21528787878822
-50.68 -203.36672727272762
-50.75 -203.52062121212157
-50.93 -203.67522727272762
-46.89 -203.81119696969733
-49.76 -203.9663333333337
-51.17 -204.12353030303066
-50.35 -204.274863636364
-49.72 -204.42457575757612
-49.9 -204.57606060606096
-50.79 -204.73131818181852
-50.97 -204.88604545454578
-50.47 -205.0382272727276
-54.8 -205.2108484848488
-51.67 -205.36268181818212
-49.25 -205.50825757575788
-50.15 -205.66159090909122
-48.91 -205.80792424242455
-49.41 -205.95840909090938
-53.71 -206.1276818181821
-47.41 -206.26180303030333
-48.34 -206.40969696969725
-47.85 -206.55395454545484
-49.8 -206.70781818181848
-47.76 -206.84945454545485
-48.66 -206.99827272727302
-47.46 -207.14027272727301
-46.27 -207.27868181818212
-49.68 -207.43439393939425
-49.38 -207.58357575757609
-49.5 -207.73375757575792
-48.62 -207.87975757575794
-47.96 -208.02409090909126
-47.94 -208.16933333333367
-48.57 -208.31746969697002
-48.53 -208.46446969697004
-47.31 -208.60598484848518
-47.96 -208.75230303030335
-46.37 -208.89040909090943
-46.14 -209.02987878787914
-46.46 -209.17115151515188
-50.12 -209.32857575757612
-46.53 -209.46413636363673
-49.17 -209.61713636363672
-47.89 -209.76031818181855
-47.41 -209.90325757575795
-47.94 -210.0493333333337
-48.49 -210.19710606060642
-48.83 -210.34559090909127
-50.31 -210.5002878787882
-49.08 -210.64715151515188
-50.73 -210.80337878787915
-49.8 -210.95287878787917
-49.77 -211.1036515151519
-50.54 -211.2579696969701
-51.7 -211.41639393939434
-45.09 -211.54301515151556
-49.9 -211.70151515151557
-51.92 -211.8619090909095
-49.12 -212.00651515151557
-50.75 -212.16277272727314
-49.83 -212.3123787878792
-47.47 -212.45265151515193
-48.87 -212.60286363636405
-50.02 -212.75618181818223
-50.84 -212.91148484848526
-53.54 -213.0778181818186
-51.14 -213.22915151515193
-52.22 -213.3890303030307
-48.18 -213.52890909090948
-54.02 -213.7014545454549
-53.86 -213.8644242424246
-47.75 -213.999863636364
-47.44 -214.14315151515189
-42.9 -214.2662727272731
-35.32 -214.36181818181856
-46.02 -214.51748484848525
-47.31 -214.66280303030342
-45.93 -214.79989393939434
-47.89 -214.94798484848525
-47.51 -215.0913787878792
-45.53 -215.2263484848489
-45.76 -215.36536363636404
-46.31 -215.5065303030307
-49.34 -215.66063636363677
-48.48 -215.80624242424284
-48.94 -215.95524242424284
-60.16 -216.15454545454585
-46.19 -216.2733484848489
-53.61 -216.44704545454587
-54.96 -216.61563636363678
-50.48 -216.7618181818186
-47.68 -216.902060606061
-48.08 -217.04836363636403
-39.33 -217.1542878787883
-36.02 -217.25842424242467
-39.56 -217.38366666666707
-40.77 -217.50904545454586
-42.42 -217.6400909090913
-45.53 -217.7827727272731
-42.3 -217.90606060606098
-46.03 -218.05119696969734
-44.02 -218.1815454545458
-45.34 -218.32093939393977
-47.23 -218.4669242424246
-48.08 -218.61390909090943
-47.03 -218.75483333333366
-47.41 -218.89907575757607
-47.36 -219.04251515151546
-50.07 -219.1983484848488
-52.93 -219.36307575757607
-51.41 -219.51656060606092
-48.43 -219.65880303030332
-51.6 -219.81996969697
-46.16 -219.95160606060637
-39.57 -220.0615303030306
-41.01 -220.18798484848514
-42.14 -220.3173939393942
-51.94 -220.4896363636366
-49.28 -220.63493939393965
-48.08 -220.77881818181842
-46.73 -220.91837878787902
-49.73 -221.07362121212145
-50.79 -221.2291363636366
-50.73 -221.38277272727296
-52.94 -221.5465454545457
-48.42 -221.6864242424245
-47.63 -221.82956060606085
-59.82 -222.02930303030328
-54.65 -222.187075757576
-56.63 -222.36168181818203
-54.57 -222.52392424242444
-48.47 -222.66156060606082
-47.16 -222.80248484848505
-49.87 -222.95771212121232
-46.75 -223.09465151515172
-53.99 -223.2692272727275
-46.95 -223.40083333333357
-43.96 -223.5295151515154
-47.6 -223.67927272727297
-53.62 -223.85087878787903
-53.8 -224.01418181818204
-57.52 -224.19412121212144
-55.45 -224.35901515151537
-63.57 -224.56395454545475
-53.83 -224.71231818181838
-59.1 -224.89939393939414
-63.38 -225.0979393939396
-53.84 -225.24663636363658
-50.34 -225.393878787879
-34.56 -225.4746969696972
-36.31 -225.587378787879
-47.09 -225.7464090909093
-47.14 -225.88933333333355
-53.51 -226.0611363636366
-51.34 -226.21342424242445
-48.31 -226.35522727272746
-49.88 -226.50875757575778
-49.39 -226.65768181818203
-51.86 -226.81857575757599
-53.64 -226.9838181818184
-54.25 -227.1491363636366
-51.22 -227.29975757575778
-66.08 -227.52251515151536
-49.2 -227.64603030303053
-53.67 -227.8154393939396
-61.57 -228.01398484848505
-51.62 -228.15533333333354
-47.03 -228.29089393939415
-31.91 -228.36468181818205
-39.46 -228.49569696969718
-45.86 -228.64436363636383
-49.46 -228.79969696969715
-50.38 -228.95375757575778
-49.08 -229.10051515151537
-46.54 -229.2376969696972
-46.43 -229.3782272727275
-46.78 -229.52051515151535
-51.82 -229.685181818182
-54.98 -229.85657575757594
-46.63 -229.98522727272746
-45.57 -230.1217121212123
-56.32 -230.30866666666688
-49.97 -230.45046969696992
-54.99 -230.62471212121235
-45.34 -230.7474848484851
-41.49 -230.86737878787903
-40.18 -230.98715151515177
-40.48 -231.11027272727299
-39.05 -231.22643939393967
-45.42 -231.37372727272756
-48.4 -231.5249090909094
-47.47 -231.66734848484882
-50.09 -231.8231060606064
-46.32 -231.9577575757579
-50.09 -232.1152575757579
-53.22 -232.28127272727306
-54.11 -232.44659090909124
-55.62 -232.6174242424246
-73.19 -232.86583333333365
-47.63 -232.9714393939397
-58.73 -233.16622727272758
-54.57 -233.32528787878817
-51.22 -233.47542424242454
-51.6 -233.63236363636392
-44.57 -233.75677272727302
-36.63 -233.8557424242427
-31.53 -233.94356060606088
-34.82 -234.0540606060609
-48.93 -234.2237121212124
-52.02 -234.38603030303057
-49.84 -234.53375757575782
-50.51 -234.68783333333357
-52.36 -234.84930303030328
-56.18 -235.02533333333358
-51.94 -235.17630303030327
-48.39 -235.31756060606085
-49.44 -235.46896969696994
-49.05 -235.6170151515154
-49.6 -235.76815151515177
-56.79 -235.95113636363664
-46.79 -236.07777272727301
-46.3 -236.2173333333336
-44.19 -236.34804545454574
-43.26 -236.47772727272758
-41.28 -236.5998181818185
-46.13 -236.74695454545486
-44.71 -236.88028787878818
-45.06 -237.01736363636394
-48.67 -237.1703181818185
-48.27 -237.31598484848516
-50.27 -237.4713484848488
-53.6 -237.6388181818185
-54.8 -237.80669696969727
-57.08 -237.98312121212152
-54.09 -238.14250000000033
-62.75 -238.34577272727304
-50.29 -238.4792878787882
-50.66 -238.63336363636398
-51.39 -238.7901969696973
-51.13 -238.94474242424275
-44.84 -239.07109090909123
-40.15 -239.18565151515185
-44.28 -239.32609090909125
-42.36 -239.4515454545458
-51.06 -239.6194545454549
-49.14 -239.76545454545487
-48.98 -239.9136363636367
-49.51 -240.06446969697
-54.7 -240.2380909090912
-57.55 -240.41680303030333
-57.36 -240.59033333333363
-55.94 -240.75769696969726
-54.22 -240.9193939393942
-56.57 -241.09437878787907
-73.7 -241.34366666666693
-49.98 -241.4591818181821
-53.9 -241.62845454545482
-51.48 -241.78078787878815
-48.62 -241.92378787878815
-36.77 -242.01725757575784
-38.99 -242.138772727273
-43.1 -242.27560606060632
-33.76 -242.36375757575783
-46.77 -242.52519696969722
-51.63 -242.6890151515154
-54.1 -242.85669696969723
-51.76 -243.01000000000028
-54.37 -243.17871212121239
-53.15 -243.3379242424245
-60.22 -243.53112121212146
-59.13 -243.7086515151518
-52.4 -243.85724242424268
-69.48 -244.09366666666693
-54.02 -244.23393939393964
-56.63 -244.40950000000024
-51.08 -244.55587878787904
-51.57 -244.71289393939418
-46.01 -244.84389393939418
-29.22 -244.90700000000024
-40.02 -245.0446363636366
-48.82 -245.20590909090933
-52.64 -245.37121212121238
-53.83 -245.53613636363661
-53.7 -245.69866666666692
-52.01 -245.8537121212124
-55.78 -246.02845454545482
-57.44 -246.20503030303058
-53.71 -246.36213636363664
-55.02 -246.53084848484878
-50.76 -246.67821212121243
-53.33 -246.84371212121243
-67.72 -247.0707272727276
-49.78 -247.19439393939427
-52.28 -247.3566060606064
-49.78 -247.50366666666702
-44.99 -247.6327424242428
-41.04 -247.75112121212157
-33.41 -247.8408030303034
-21.63 -247.88850000000036
-41.47 -248.04422727272762
-49.1 -248.20457575757612
-48.84 -248.35218181818217
-57.08 -248.53763636363672
-46.97 -248.6646515151519
-49.7 -248.81939393939433
-47.56 -248.96027272727312
-48.99 -249.11089393939432
-51.18 -249.2693030303034
-49.35 -249.41607575757615
-61.09 -249.61898484848524
-47.68 -249.7431515151519
-52.59 -249.90995454545492
-48.53 -250.05086363636403
-49.41 -250.2019242424246
-37.74 -250.29860606060643
-36.48 -250.40724242424278
-35.81 -250.51474242424277
-42.42 -250.65330303030336
-42.49 -250.78216666666702
-49.45 -250.94256060606097
-51.53 -251.10186363636402
-51.93 -251.25983333333372
-51.92 -251.4171515151519
-48.59 -251.55934848484884
-52.65 -251.7250454545458
-53.6 -251.88890909090944
-51.31 -252.0409242424246
-51.62 -252.19781818181855
-57.85 -252.382560606061
-52.05 -252.5315000000004
-50.92 -252.6840909090913
-45.83 -252.81525757575798
-34.31 -252.90177272727314
-33.15 -253.0004696969701
-40.29 -253.1333787878792
-42.02 -253.26333333333372
-50.54 -253.42939393939432
-50.55 -253.5825909090913
-50.75 -253.7366818181822
-53.36 -253.90233333333373
-55.91 -254.0756212121216
-57.88 -254.2540000000004
-54.86 -254.41566666666705
-57.26 -254.59281818181856
-55.24 -254.7571515151519
-73.39 -255.00704545454585
-55.69 -255.14898484848524
-55.91 -255.31874242424283
-54.69 -255.48262121212161
-53.57 -255.64325757575796
-46.92 -255.77536363636403
-34.8 -255.86245454545494
-40.05 -255.99177272727312
-39.25 -256.10950000000037
-45.24 -256.255666666667
-48.51 -256.40762121212157
-41.39 -256.5222575757579
-51.43 -256.69331818181854
-50.44 -256.844666666667
-54.24 -257.01478787878824
-52.43 -257.17092424242463
-51.81 -257.3269848484852
-50.41 -257.47762121212156
-51.33 -257.634560606061
-49.85 -257.78337878787914
-52.21 -257.945166666667
-51.79 -258.10146969697
-56.4 -258.279363636364
-51.28 -258.42700000000036
-53.95 -258.5945303030307
-51.45 -258.7466515151519
-51.01 -258.90056060606094
-43.57 -259.0213181818185
-46.41 -259.1662575757579
-47.31 -259.3109848484852
-48.96 -259.4618484848488
-51.3 -259.6208484848488
-51.94 -259.7792121212125
-52.31 -259.93828787878823
-54.18 -260.1053030303034
-54.9 -260.27275757575796
-52.67 -260.42898484848524
-72.8 -260.68009090909135
-48.29 -260.78928787878834
-54.41 -260.96343939393984
-54.65 -261.1294090909096
-50.24 -261.2749696969702
-50.16 -261.42684848484896
-46.38 -261.5616666666672
-37.58 -261.66221212121263
-45.38 -261.811545454546
-50.14 -261.97069696969754
-50.38 -262.1237272727279
-51.15 -262.2798939393945
-50.89 -262.43371212121275
-51.38 -262.5901515151522
-52.55 -262.75116666666736
-51.9 -262.90745454545527
-52.75 -263.06859090909165
-48.6 -263.2095757575765
-63.82 -263.42603030303104
-46.33 -263.539924242425
-49.01 -263.69250000000073
-47.31 -263.8332878787886
-43.67 -263.9601060606068
-43.72 -264.0926666666674
-41.07 -264.21310606060683
-30.84 -264.2910606060614
-41.34 -264.4322424242432
-43.65 -264.5680151515159
-46.74 -264.7143333333341
-45.12 -264.8486060606068
-47.73 -264.9971969696977
-46.34 -265.13551515151585
-50.97 -265.2969848484855
-50.5 -265.44930303030367
-53.99 -265.61819696969764
-55.44 -265.7883939393946
-49.65 -265.9300757575764
-48.54 -266.07548484848553
-62.25 -266.28489393939464
-49.23 -266.4143484848492
-49.48 -266.5646666666674
-48.65 -266.71083333333405
-47.56 -266.8533030303037
-41.2 -266.9685151515158
-44.54 -267.1085454545461
-39.99 -267.222833333334
-45.29 -267.3681060606067
-46.77 -267.5120757575764
-46.61 -267.6530757575764
-50.02 -267.8098181818188
-48.99 -267.9567121212128
-49.15 -268.10589393939455
-50.12 -268.25924242424304
-52.41 -268.4215303030309
-54.5 -268.58984848484914
-57.34 -268.76790909090977
-51.94 -268.9171212121219
-50.75 -269.0691060606067
-68.85 -269.3051666666673
-47.93 -269.41871212121276
-53.67 -269.5900454545461
-46.64 -269.7207272727279
-50.11 -269.87783333333397
-43.01 -269.99740909090974
-42.95 -270.12746969697037
-46.46 -270.2735757575764
-47.5 -270.41909090909155
-47.32 -270.5622121212128
-48.87 -270.7126515151522
-49.31 -270.8627424242431
-49.12 -271.0113030303037
-49.57 -271.1621969696976
-50.43 -271.3163181818188
-49.26 -271.4638181818188
-55.99 -271.6436818181824
-47.61 -271.7752575757582
-50.97 -271.9348030303036
-47.99 -272.07571212121275
-47.02 -272.2167272727279
-47.89 -272.3631666666673
-39.42 -272.46978787878857
-41.76 -272.5998787878795
-47.72 -272.7535151515159
-46.01 -272.89034848484926
-45.44 -273.02718181818256
-47.98 -273.176424242425
-48.19 -273.3227727272735
-49.92 -273.4766666666674
-48.3 -273.6205757575765
-51.08 -273.7795757575765
-50.46 -273.93154545454615
-52.02 -274.0915454545461
-51.52 -274.24690909090975
-56.02 -274.4234848484855
-47.6 -274.5549696969703
-51.38 -274.71639393939455
-50.47 -274.8679545454552
-48.02 -275.0097575757582
-47.28 -275.1519090909097
-49.12 -275.3035454545461
-49.53 -275.4542575757582
-50.69 -275.60962121212185
-49.86 -275.7594545454552
-49.44 -275.908636363637
-49.51 -276.0587727272734
-50.96 -276.2153939393946
-52.09 -276.3749545454552
-52.86 -276.53630303030366
-55.07 -276.7065303030309
-56.51 -276.8799545454552
-60.0 -277.06706060606126
-54.98 -277.22606060606125
-56.44 -277.39930303030366
-48.83 -277.53574242424304
-46.76 -277.67430303030363
-42.07 -277.7946818181824
-34.21 -277.88643939393995
-45.51 -278.04146969697024
-51.43 -278.20628787878843
-46.35 -278.339045454546
-48.84 -278.4908181818188
-48.11 -278.6355000000006
-48.89 -278.78483333333395
-49.45 -278.9355303030309
-53.15 -279.10219696969756
-50.66 -279.25193939393995
-51.24 -279.40809090909147
-52.67 -279.5698636363642
-49.05 -279.71301515151566
-64.24 -279.93069696969746
-47.91 -280.05113636363683
-49.12 -280.2018181818186
-45.6 -280.3346666666671
-47.93 -280.4834393939398
-43.38 -280.60800000000046
-32.85 -280.6915909090914
-35.94 -280.80518181818235
-43.54 -280.94863636363687
-46.71 -281.09498484848535
-45.96 -281.2331212121217
-42.51 -281.35671212121264
-47.44 -281.50793939393986
-47.28 -281.6509696969702
-48.12 -281.79806060606114
-47.55 -281.9412878787884
-53.83 -282.11392424242473
-46.82 -282.2451818181823
-48.67 -282.39546969697017
-47.12 -282.53590909090957
-58.73 -282.7314696969702
-47.7 -282.8593030303035
-46.53 -282.9985303030308
-43.45 -283.1255303030308
-47.12 -283.2738787878793
-35.15 -283.3622575757581
-47.76 -283.52609090909147
-47.58 -283.6700000000006
-48.9 -283.8201818181824
-47.13 -283.96031818181876
-48.57 -284.1096818181824
-49.64 -284.2617272727279
-50.76 -284.41724242424306
-50.97 -284.57201515151576
-47.26 -284.7096060606067
-47.47 -284.85377272727334
-67.64 -285.0893030303036
-47.96 -285.2048181818187
-52.18 -285.3693333333339
-47.54 -285.5063636363642
-45.35 -285.64046969697023
-39.76 -285.7524848484854
-39.64 -285.87242424242476
-45.51 -286.0192272727278
-43.81 -286.1494090909096
-47.91 -286.30080303030354
-47.47 -286.44398484848534
-47.87 -286.589651515152
-51.31 -286.750348484849
-53.49 -286.9157424242429
-51.48 -287.0686969696975
-51.13 -287.2231060606066
-51.49 -287.37968181818235
-46.98 -287.51521212121264
-63.9 -287.73448484848535
-46.34 -287.8483030303035
-49.39 -288.0025909090914
-47.31 -288.1428030303035
-45.44 -288.27766666666713
-35.81 -288.3715909090914
-43.84 -288.51660606060653
-43.53 -288.648045454546
-50.2 -288.81027272727323
-47.12 -288.94839393939446
-44.83 -289.08077272727326
-46.54 -289.2243939393944
-50.14 -289.3817878787884
-50.26 -289.5342727272732
-49.46 -289.6829393939399
-55.55 -289.8605000000005
-49.5 -290.00133333333383
-51.96 -290.1625151515156
-51.57 -290.3181969696974
-63.53 -290.52883333333375
-47.79 -290.6498030303035
-49.12 -290.8006666666671
-45.51 -290.9331060606065
-49.7 -291.09006060606106
-41.9 -291.2052121212126
-44.57 -291.34431818181866
-49.0 -291.4995151515156
-45.34 -291.6313636363641
-45.98 -291.77166666666716
-48.51 -291.92250000000047
-49.18 -292.07254545454595
-50.58 -292.2279393939399
-50.93 -292.38280303030353
-49.97 -292.53277272727325
-50.05 -292.6845606060611
-49.73 -292.8347727272732
-48.43 -292.9795606060611
-50.27 -293.13468181818234
-48.58 -293.27933333333385
-49.25 -293.4295909090914
-45.13 -293.5601060606066
-44.87 -293.6956818181824
-48.17 -293.8466515151521
-47.47 -293.98943939393996
-49.89 -294.1442878787885
-50.05 -294.2961969696975
-50.63 -294.45050000000055
-49.69 -294.59965151515206
-51.79 -294.7597727272733
-54.41 -294.92862121212175
-51.38 -295.07972727272784
-67.34 -295.30796969697025
-44.31 -295.407348484849
-51.44 -295.57403030303084
-51.35 -295.7295000000005
-46.5 -295.8630606060611
-44.6 -295.9953333333338
-32.96 -296.0775757575762
-46.66 -296.2397272727277
-40.91 -296.3549848484853
-45.95 -296.5018636363641
-49.0 -296.6549696969701
-48.56 -296.80145454545493
-46.38 -296.9386969696974
-49.95 -297.0954696969701
-50.08 -297.24742424242464
-51.88 -297.40736363636404
-53.34 -297.5712121212125
-54.4 -297.73766666666705
-51.02 -297.8871515151519
-52.78 -298.04975757575795
-52.99 -298.2106515151519
-57.23 -298.3905000000004
-53.43 -298.5466515151519
-51.05 -298.6977424242428
-49.05 -298.84334848484883
-51.18 -299.001666666667
-49.31 -299.1482575757579
-40.93 -299.25959090909123
-49.38 -299.4220303030306
-48.15 -299.5660757575761
-51.67 -299.72798484848516
-50.58 -299.87960606060636
-50.1 -300.03069696969726
-52.56 -300.1936969696972
-52.63 -300.35328787878814
-51.9 -300.50945454545484
-51.89 -300.66668181818216
-51.98 -300.8243333333337
-48.48 -300.9659393939398
-51.92 -301.12848484848524
-47.15 -301.26413636363674
-46.86 -301.4056969696973
-46.86 -301.5476969696973
-40.98 -301.66296969697004
-44.07 -301.80119696969734
-48.43 -301.954560606061
-47.56 -302.09736363636404
-48.6 -302.2462121212125
-49.72 -302.39857575757617
-48.34 -302.54296969697015
-51.67 -302.70459090909134
-53.41 -302.8690757575762
-51.96 -303.02433333333374
-55.44 -303.19760606060646
-53.11 -303.35501515151554
-55.17 -303.52531818181853
-51.42 -303.6754545454549
-50.51 -303.8271363636367
-50.6 -303.9806060606064
-44.42 -304.1058484848489
-41.1 -304.225363636364
-49.15 -304.38650000000035
-50.0 -304.53930303030336
-49.79 -304.689863636364
-49.76 -304.84060606060643
-51.38 -304.99875757575796
-51.67 -305.15577272727313
-51.52 -305.31166666666707
-51.75 -305.46883333333375
-54.37 -305.637560606061
-54.66 -305.80363636363677
-54.57 -305.968863636364
-53.26 -306.1282727272731
-58.48 -306.3133939393943
-48.4 -306.44478787878825
-51.2 -306.60418181818216
-50.96 -306.7582424242427
-49.51 -306.90607575757605
-46.96 -307.04451515151544
-41.57 -307.1623181818185
-45.12 -307.30442424242455
-52.02 -307.47251515151544
-51.84 -307.62933333333365
-52.76 -307.79060606060636
-52.59 -307.94971212121243
-55.57 -308.1226212121215
-54.24 -308.28496969697
-53.8 -308.44733333333363
-61.02 -308.64318181818214
-46.54 -308.762272727273
-50.63 -308.92189393939424
-53.82 -309.0898181818185
-46.84 -309.2211818181821
-49.17 -309.3737121212124
-44.81 -309.5028939393942
-39.07 -309.6125909090911
-34.67 -309.71098484848505
-50.86 -309.88963636363655
-44.46 -310.01466666666687
-47.8 -310.16457575757596
-49.57 -310.3174696969699
-48.85 -310.46440909090927
-48.98 -310.6130303030305
-48.94 -310.7612727272729
-52.14 -310.9241212121214
-53.73 -311.0893484848487
-56.62 -311.26530303030324
-53.25 -311.42156060606084
-49.44 -311.56560606060634
-63.31 -311.77846969697
-49.19 -311.9061363636367
-50.83 -312.06265151515186
-47.07 -312.1995909090913
-46.37 -312.33904545454584
-42.02 -312.4597878787883
-38.43 -312.5708030303034
-36.83 -312.6799848484852
-47.93 -312.8420454545458
-46.77 -312.98201515151555
-48.21 -313.1302878787883
-48.82 -313.2791515151519
-48.86 -313.42727272727313
-51.31 -313.5864696969701
-50.66 -313.7390000000004
-51.13 -313.8946515151519
-49.28 -314.0411818181822
-51.82 -314.202060606061
-54.44 -314.37100000000044
-46.09 -314.4980151515156
-47.98 -314.6462727272732
-50.52 -314.8032121212126
-47.02 -314.9403939393944
-47.93 -315.08701515151563
-45.69 -315.2220757575762
-46.96 -315.36630303030347
-41.35 -315.4831060606065
-45.57 -315.62759090909134
-50.41 -315.78768181818225
-50.17 -315.9393484848489
-50.45 -316.0926515151519
-52.57 -316.25516666666704
-53.6 -316.4191515151519
-77.35 -316.6895303030307
-50.81 -316.8032878787883
-61.83 -317.0073484848489
-53.41 -317.15643939393976
-53.35 -317.31801515151557
-49.01 -317.45995454545493
-49.72 -317.61169696969733
-41.72 -317.7260000000004
-41.05 -317.8493787878792
-42.21 -317.9790454545458
-42.99 -318.11050000000034
-49.96 -318.2724545454549
-52.92 -318.4373030303033
-51.0 -318.58893939393965
-50.35 -318.74053030303054
-51.06 -318.89633333333353
-54.22 -319.0654242424244
-51.3 -319.21645454545467
-49.38 -319.36318181818194
-49.28 -319.5123636363638
-48.74 -319.65924242424256
-64.42 -319.8782121212123
-44.99 -319.9851060606062
-48.67 -320.1381666666668
-44.6 -320.2671515151516
-43.27 -320.3962575757577
-36.01 -320.49437878787893
-36.9 -320.60754545454563
-35.28 -320.71200000000016
-44.57 -320.86113636363655
-50.28 -321.02215151515173
-52.04 -321.18251515151536
-50.33 -321.33243939393964
-54.52 -321.50400000000025
-55.6 -321.67412121212146
-60.56 -321.8651515151518
-54.49 -322.02107575757606
-48.64 -322.1596060606064
-53.99 -322.3313181818185
-60.58 -322.5248787878791
-50.37 -322.66204545454576
-48.23 -322.80495454545485
-46.57 -322.94356060606094
-43.12 -323.06900000000036
-41.65 -323.1929848484852
-29.8 -323.2653333333337
-39.84 -323.40127272727307
-48.81 -323.56277272727306
-51.54 -323.72309090909124
-51.0 -323.87681818181846
-51.25 -324.03250000000025
-51.77 -324.1901666666669
-57.02 -324.3709090909093
-58.49 -324.550378787879
-59.24 -324.73103030303054
-52.1 -324.87809090909116
-55.42 -325.05106060606084
-67.38 -325.2733636363639
-53.47 -325.41431818181843
-52.02 -325.5697575757578
-47.31 -325.70598484848506
-49.73 -325.8603484848487
-41.97 -325.97577272727295
-36.87 -326.07977272727294
-34.98 -326.1829090909093
-47.03 -326.343681818182
-48.23 -326.4916515151517
-50.11 -326.64634848484866
-48.68 -326.79169696969717
-49.89 -326.9447121212123
-48.28 -327.088575757576
-48.04 -327.2337878787881
-51.07 -327.3931363636366
-51.18 -327.54839393939415
-47.09 -327.6848939393941
-46.74 -327.82600000000014
-57.14 -328.0149090909092
-46.56 -328.13996969696984
-46.67 -328.28156060606074
-42.7 -328.4049393939395
-44.76 -328.54369696969707
-41.07 -328.6625606060607
-37.77 -328.77201515151523
-42.71 -328.90892424242435
-41.91 -329.03471212121224
-47.6 -329.18757575757587
-49.18 -329.3390000000001
-50.12 -329.49230303030316
-55.6 -329.66909090909104
-54.28 -329.8315757575759
-53.45 -329.99228787878803
-53.41 -330.15407575757587
-51.12 -330.30551515151524
-50.21 -330.456287878788
-61.93 -330.6617121212122
-47.7 -330.784696969697
-50.76 -330.9431515151515
-48.53 -331.08683333333335
-46.6 -331.2251212121212
-49.31 -331.3786515151515
-44.07 -331.50425757575755
-46.37 -331.64825757575755
-49.1 -331.80118181818176
-48.02 -331.94506060606057
-49.61 -332.097803030303
-49.57 -332.2479545454545
-52.05 -332.40943939393935
-52.25 -332.56807575757574
-51.47 -332.7228636363636
-55.95 -332.89919696969696
-68.38 -333.12524242424246
-47.76 -333.2387272727273
-51.75 -333.401590909091
-49.99 -333.5504090909092
-46.76 -333.68721212121227
-43.7 -333.81500000000017
-36.93 -333.91665151515167
-43.17 -334.05692424242443
-34.9 -334.1501515151517
-49.27 -334.32122727272747
-49.71 -334.4725303030305
-48.65 -334.6183484848487
-49.2 -334.7682727272729
-50.12 -334.92154545454565
-49.95 -335.0726515151517
-53.09 -335.23828787878807
-52.58 -335.3968484848487
-51.76 -335.55245454545474
-49.64 -335.6996666666669
-50.33 -335.8532272727275
-59.21 -336.0461060606063
-48.81 -336.1782575757578
-48.38 -336.3242121212124
-46.51 -336.46231818181843
-50.16 -336.6198484848487
-33.76 -336.69730303030326
-48.05 -336.8645606060608
-36.56 -336.9579393939396
-47.95 -337.1205000000002
-49.12 -337.27112121212144
-52.07 -337.433378787879
-51.12 -337.5868484848487
-50.85 -337.7405303030305
-52.02 -337.8999393939396
-53.86 -338.0659393939396
-52.55 -338.2231969696972
-55.02 -338.3936666666669
-51.15 -338.5428030303032
-50.93 -338.6968030303032
-56.11 -338.874681818182
-50.97 -339.02134848484866
-53.14 -339.18566666666686
-51.73 -339.3402878787881
-52.31 -339.499681818182
-48.54 -339.6410606060608
-47.06 -339.78142424242446
-51.01 -339.94198484848505
-50.71 -340.09519696969716
-51.13 -340.25077272727293
-51.95 -340.40943939393964
-51.44 -340.56454545454574
-50.42 -340.71578787878815
-55.99 -340.8938939393942
-52.96 -341.04978787878815
-51.04 -341.20154545454574
-61.12 -341.4020303030306
-46.75 -341.5219242424245
-49.75 -341.6772272727275
-47.47 -341.8176212121215
-45.27 -341.95146969697
-45.64 -342.0903333333336
-43.24 -342.21772727272753
-44.17 -342.3529848484851
-42.37 -342.4786515151518
-42.36 -342.6070000000003
-47.35 -342.75804545454577
-47.24 -342.9010303030306
-47.88 -343.04709090909125
-50.14 -343.2024545454549
-47.54 -343.3425757575761
-49.34 -343.4948181818186
-51.51 -343.65419696969735
-52.93 -343.8167424242428
-49.08 -343.9596363636368
-63.35 -344.1732272727277
-46.64 -344.2892424242428
-50.64 -344.44875757575795
-49.53 -344.5971666666671
-44.67 -344.72516666666706
-46.12 -344.8671212121216
-44.4 -344.999060606061
-40.44 -345.11560606060647
-44.08 -345.2546969696974
-46.27 -345.39822727272775
-47.99 -345.5462575757581
-46.5 -345.68490909090957
-49.14 -345.8378181818187
-49.53 -345.98850000000056
-51.19 -346.1461363636369
-52.32 -346.30639393939447
-50.63 -346.4572575757581
-51.6 -346.61509090909146
-51.93 -346.7729545454551
-49.33 -346.91850000000056
-55.44 -347.09575757575817
-44.83 -347.2155303030309
-47.35 -347.3628333333339
-45.78 -347.4991818181824
-46.35 -347.6405000000006
-43.54 -347.7681818181824
-40.88 -347.8880303030309
-37.16 -347.99500000000063
-46.02 -348.14787878787945
-46.05 -348.28746969697033
-46.54 -348.42924242424306
-49.88 -348.5854545454552
-48.4 -348.72987878787944
-47.42 -348.8720909090916
-46.8 -349.01296969697034
-52.65 -349.18137878787945
-53.8 -349.3461515151522
-50.18 -349.49272727272796
-49.51 -349.6417424242431
-49.41 -349.79131818181884
-57.51 -349.9778636363643
-55.23 -350.1417727272734
-48.6 -350.2790000000007
-46.7 -350.41763636363703
-39.73 -350.52746969697034
-46.03 -350.67650000000066
-46.93 -350.82007575757643
-45.17 -350.9542878787886
-49.28 -351.1098484848492
-50.89 -351.2665000000007
-48.95 -351.4118939393946
-49.11 -351.56095454545516
-48.51 -351.70704545454606
-52.94 -351.8741818181824
-53.21 -352.0358333333339
-49.78 -352.18148484848547
-58.84 -352.3735151515158
-47.86 -352.50190909090975
-53.67 -352.67334848484916
-50.77 -352.8228030303037
-49.63 -352.97146969697036
-48.99 -353.1189545454552
-38.62 -353.22027272727337
-46.24 -353.37193939394
-49.36 -353.52624242424304
-50.16 -353.67945454545514
-50.22 -353.83172727272785
-50.48 -353.98509090909147
-48.59 -354.12946969697026
-46.68 -354.2680303030309
-51.66 -354.4321212121218
-49.21 -354.57753030303087
-52.0 -354.73933333333395
-48.42 -354.880636363637
-48.69 -355.0285909090916
-49.23 -355.1785909090916
-40.72 -355.2890909090916
-44.05 -355.4276212121219
-41.61 -355.5500151515158
-38.51 -355.66201515151585
-29.05 -355.73571212121277
-33.92 -355.8458787878794
-33.96 -355.9488484848491
-35.79 -356.0600757575764
-36.28 -356.1707575757582
-31.76 -356.26015151515213
-28.73 -356.34262121212186
-27.27 -356.4230454545461
-28.99 -356.5135000000007
-25.34 -356.58475757575826
-23.5 -356.6531818181825
-18.5 -356.70166666666734
-18.83 -356.7592272727279
-14.3 -356.79569696969764
-14.93 -356.8418939393946
-11.56 -356.8718181818188
-10.06 -356.9000303030309
-8.37 -356.9228333333339
-5.4 -356.93469696969754
-4.48 -356.94687878787937
-0.71 -356.94331818181877
-4.12 -356.96096969697027
-2.57 -356.9664090909097
-1.81 -356.97074242424304
-1.46 -356.974636363637
-1.04 -356.9771515151521
-1.15 -356.9808030303036
-0.89 -356.98310606060664
-0.67 -356.9848030303036
-0.82 -356.98751515151577
0.11 -356.98577272727334
-5.17 -357.00943939394
-0.7 -357.0047878787885
-1.73 -357.01159090909147
-2.09 -357.0184696969702
-1.06 -357.02012121212175
-2.63 -357.0304696969703
-2.36 -357.0372121212127
-3.26 -357.0484545454551
-3.98 -357.06160606060666
-4.41 -357.0756212121218
-5.09 -357.0920757575763
-5.14 -357.1077272727278
-6.09 -357.1276212121217
-6.17 -357.1464393939399
-6.32 -357.1658181818187
-6.17 -357.1842878787884
-6.39 -357.2039848484854
-6.57 -357.2241666666672
-6.08 -357.241848484849
-5.77 -357.2588636363642
-5.23 -357.2738939393945
-4.9 -357.288242424243
-3.96 -357.2988181818187
-4.02 -357.31109090909143
-2.99 -357.3185909090914
-2.66 -357.32615151515205
-2.74 -357.33457575757626
-1.6 -357.33769696969745
-1.54 -357.3422727272732
-1.19 -357.34534848484896
-0.8 -357.34718181818226
-0.02 -357.3460606060611
0.11 -357.3455303030308
0.62 -357.3428787878793
-1.25 -357.3495000000005
0.61 -357.34483333333384
1.27 -357.33998484848536
0.81 -357.33822727272775
1.63 -357.33204545454595
1.15 -357.32928787878836
1.68 -357.32339393939446
1.46 -357.31930303030356
1.75 -357.3135606060611
1.49 -357.3094393939399
1.31 -357.3057424242429
1.42 -357.3012727272732
0.93 -357.2991969696975
1.06 -357.2957878787884
0.85 -357.2935303030308
-1.25 -357.3005000000005
1.11 -357.29356060606113
-0.09 -357.29565151515203
0.82 -357.2917878787884
0.11 -357.2925303030308
0.23 -357.291651515152
-0.55 -357.2945000000005
-0.34 -357.2952121212126
-0.45 -357.2967424242429
-0.86 -357.29996969697015
-0.34 -357.30021212121255
0.56 -357.29715151515194
-0.54 -357.30045454545495
-1.28 -357.30545454545495
-1.02 -357.30815151515196
-1.02 -357.3112424242429
-1.41 -357.31610606060656
-0.61 -357.31674242424293
-1.12 -357.3209090909096
-0.47 -357.321348484849
-1.11 -357.3256818181824
-0.31 -357.32540909090966
-0.46 -357.3270303030309
-0.11 -357.3268333333339
0.18 -357.3258484848491
0.08 -357.3257575757582
0.26 -357.3246969696976
-0.12 -357.325636363637
0.4 -357.323636363637
-0.34 -357.3257878787885
-1.24 -357.3309090909097
0.12 -357.32848484848546
0.06 -357.3283939393945
0.41 -357.3266212121218
-0.05 -357.32746969697024
0.59 -357.32471212121266
-0.2 -357.3265151515157
0.75 -357.3228030303036
0.18 -357.3231212121218
0.54 -357.32093939394
2.56 -357.3101212121218
0.12 -357.31345454545516
0.95 -357.3093181818188
0.38 -357.30903030303097
0.56 -357.30706060606127
0.3 -357.3065454545461
0.45 -357.3049545454552
2.45 -357.29450000000065
-0.16 -357.29893939394003
0.23 -357.29765151515215
-0.76 -357.3014545454552
0.2 -357.29939393939463
-0.67 -357.30274242424315
-0.05 -357.30195454545526
-0.51 -357.30419696969767
-0.51 -357.30574242424314
-0.2 -357.3058787878795
-0.89 -357.30962121212195
-0.18 -357.30909090909165
-0.84 -357.31263636363707
-0.36 -357.3130000000007
-0.61 -357.315227272728
-0.22 -357.31530303030377
-0.43 -357.31692424242493
-0.52 -357.3186363636371
0.02 -357.31775757575826
-0.72 -357.32106060606134
0.01 -357.319924242425
-0.59 -357.32262121212193
0.21 -357.32077272727344
-0.09 -357.3215000000007
0.17 -357.3205909090916
0.3 -357.31948484848556
0.04 -357.3197575757583
0.4 -357.3180000000007
-0.27 -357.3198333333341
0.47 -357.3172878787886
-0.09 -357.31840909090977
0.54 -357.3158181818189
0.39 -357.31486363636435
0.38 -357.313727272728
0.48 -357.31212121212195
-0.04 -357.31303030303104
0.44 -357.31096969697046
-0.01 -357.3116818181826
0.24 -357.31057575757654
0.29 -357.309621212122
-0.04 -357.3102424242432
0.2 -357.3092727272735
-0.06 -357.3098484848492
0.42 -357.3078484848492
-0.56 -357.31103030303103
0.24 -357.30909090909165
-0.2 -357.3103636363644
-0.02 -357.3101515151523
-0.31 -357.31153030303113
-0.33 -357.3125606060614
0.23 -357.311015151516
-0.62 -357.3141818181827
-0.04 -357.3134242424251
-0.45 -357.31540909090995
-0.12 -357.3152727272736
-0.38 -357.31681818181903
-0.22 -357.3172424242433
0.11 -357.31640909091
-0.6 -357.3193030303039
0.06 -357.3181212121221
-0.67 -357.32125757575847
0.32 -357.3187878787887
-0.37 -357.32095454545544
0.09 -357.3199848484858
0.27 -357.31889393939485
-0.14 -357.3199393939403
0.24 -357.31863636363727
-0.44 -357.3210000000009
0.45 -357.31828787878874
-0.07 -357.31928787878877
0.28 -357.31790909091
0.24 -357.3172424242434
0.14 -357.31696969697066
0.24 -357.3160909090919
-0.09 -357.3168636363646
-1.27 -357.32250000000096
-0.52 -357.3229393939404
-1.31 -357.32810606060707
0.07 -357.32580303030403
0.19 -357.32504545454645
0.39 -357.3235606060616
-0.18 -357.3249696969707
0.58 -357.32206060606165
-0.16 -357.32366666666775
0.14 -357.322787878789
-0.07 -357.3233181818193
0.25 -357.32207575757684
-0.04 -357.32263636363746
-0.29 -357.323893939395
0.18 -357.32263636363746
-0.5 -357.3251818181829
0.33 -357.32292424242536
-0.4 -357.3252424242435
-0.21 -357.325590909092
-0.32 -357.32672727272836
-0.03 -357.32637878787983
0.05 -357.3261060606071
-0.67 -357.32922727272836
0.27 -357.3269848484859
-0.3 -357.32875757575863
0.23 -357.32725757575867
-0.36 -357.32924242424355
-0.02 -357.328787878789
0.07 -357.32843939394047
-0.48 -357.3307272727283
0.53 -357.327590909092
-0.51 -357.33071212121325
0.09 -357.32953030303145
-0.28 -357.3309393939405
0.39 -357.32874242424356
0.25 -357.3281969696981
-0.1 -357.32903030303146
0.55 -357.32637878787995
-0.46 -357.3293030303042
0.38 -357.32687878787993
-0.08 -357.3278181818193
0.23 -357.32665151515266
0.03 -357.3268636363648
-0.05 -357.3271363636375
0.31 -357.3256515151527
